-1.814826577901840210e-01
1.325791180133819580e-01
1.366569995880126953e-01
-5.786792375147342682e-03
-8.395241200923919678e-02
-9.299336373805999756e-02
-2.157909609377384186e-02
-8.930724859237670898e-02
9.050922840833663940e-02
-7.039640843868255615e-02
2.334301620721817017e-01
-2.143372036516666412e-02
-1.427150219678878784e-01
-1.457612216472625732e-01
4.319585114717483521e-02
1.129013970494270325e-01
-1.565810441970825195e-01
-1.714988797903060913e-01
-4.247773438692092896e-02
-1.288433223962783813e-01
-4.703292250633239746e-02
7.857303135097026825e-03
-6.792542524635791779e-03
-2.755883336067199707e-02
-1.025508493185043335e-01
-3.273530602455139160e-01
-9.584538638591766357e-02
-1.495407521724700928e-01
1.036311388015747070e-01
-5.795960873365402222e-02
3.011731058359146118e-02
-1.261020731180906296e-02
-1.909476816654205322e-01
-2.357351221144199371e-02
-3.950284421443939209e-02
4.818641394376754761e-02
7.034540921449661255e-02
-2.946370653808116913e-02
1.901669055223464966e-01
1.836839132010936737e-02
-6.465803831815719604e-02
-7.684805244207382202e-02
-2.203306369483470917e-02
2.702465057373046875e-01
1.985695213079452515e-01
-9.446368785575032234e-04
4.170492291450500488e-02
7.327365130186080933e-02
8.923442661762237549e-02
-2.140219509601593018e-01
3.676860779523849487e-02
8.847850561141967773e-02
1.439355164766311646e-01
4.559659212827682495e-02
-6.663030013442039490e-03
-1.214265152812004089e-01
-1.582039892673492432e-02
-5.144439637660980225e-04
-1.767538338899612427e-01
6.398211419582366943e-02
5.625767260789871216e-02
-9.112825244665145874e-02
-1.317636370658874512e-01
1.167281251400709152e-02
2.941764295101165771e-01
1.294924914836883545e-01
-5.494405329227447510e-02
-1.443309485912322998e-01
2.191416919231414795e-01
-1.578618288040161133e-01
-7.119815330952405930e-03
3.134789317846298218e-02
-1.490777879953384399e-01
-2.775288186967372894e-02
-2.549892961978912354e-01
1.086813211441040039e-01
3.410836458206176758e-01
7.574549317359924316e-02
-1.625266522169113159e-01
-5.432399362325668335e-02
-1.441042274236679077e-01
5.308284610509872437e-02
-2.264667861163616180e-02
-2.909027226269245148e-02
-1.114166676998138428e-01
-7.020451128482818604e-03
-1.294282078742980957e-01
3.565497696399688721e-02
1.924469470977783203e-01
-3.999275714159011841e-02
-4.807583987712860107e-02
1.707858592271804810e-01
-6.367562338709831238e-03
4.125353693962097168e-02
1.609877683222293854e-02
-4.757285490632057190e-02
2.388394251465797424e-02
-5.671751871705055237e-02
-1.900174096226692200e-02
1.767368242144584656e-02
1.124121174216270447e-01
-1.079592406749725342e-01
2.147619798779487610e-02
1.422906965017318726e-01
-1.681281626224517822e-01
7.653395086526870728e-02
-3.694121167063713074e-02
9.835951030254364014e-03
-1.458289939910173416e-02
6.915628165006637573e-02
-9.637530148029327393e-02
-1.050711646676063538e-01
1.806688755750656128e-01
-1.340563297271728516e-01
1.984624862670898438e-01
2.142556607723236084e-01
-3.830260783433914185e-02
1.060664877295494080e-01
6.427537649869918823e-03
9.023035317659378052e-02
-5.648537725210189819e-02
1.629703864455223083e-02
-5.368825793266296387e-02
-7.800945639610290527e-02
-2.989548817276954651e-02
-1.545625366270542145e-02
-1.376216951757669449e-02
8.126061409711837769e-02
