-1.668434292078018188e-01
5.965834110975265503e-02
4.636473953723907471e-02
-2.465091831982135773e-02
-4.057730361819267273e-02
2.510815486311912537e-02
-2.776620537042617798e-02
-6.261730939149856567e-02
1.708537191152572632e-01
-1.160972341895103455e-01
2.222195416688919067e-01
2.907471358776092529e-02
-2.693448066711425781e-01
-1.242707595229148865e-01
5.121168121695518494e-02
8.243914693593978882e-02
-1.311310678720474243e-01
-1.156608909368515015e-01
-1.698009222745895386e-01
-1.368887573480606079e-01
-4.990598186850547791e-03
6.590936332941055298e-02
3.873170819133520126e-03
-3.540890663862228394e-02
-2.345521301031112671e-01
-3.330481350421905518e-01
-6.018216535449028015e-02
-9.239663183689117432e-02
1.370535194873809814e-01
-9.097896516323089600e-02
-2.466401271522045135e-02
3.497775271534919739e-02
-1.746449321508407593e-01
-3.588479757308959961e-02
3.598685562610626221e-02
1.322095990180969238e-01
-6.550249457359313965e-02
-4.549290984869003296e-03
2.094359397888183594e-01
-1.038059312850236893e-02
-1.651698052883148193e-01
-1.636980846524238586e-02
7.795365527272224426e-03
2.621432542800903320e-01
2.416372597217559814e-01
2.177220955491065979e-02
2.601346746087074280e-02
-5.762487649917602539e-02
1.073039323091506958e-01
-3.145716190338134766e-01
1.044871434569358826e-01
1.916216462850570679e-01
1.209307387471199036e-01
6.131184473633766174e-02
1.619837880134582520e-01
-1.649623364210128784e-01
-2.891219221055507660e-02
1.135284453630447388e-01
-2.070460319519042969e-01
9.199620783329010010e-02
7.436024397611618042e-02
-4.548370838165283203e-02
-6.675316393375396729e-02
-3.294022008776664734e-02
1.378285586833953857e-01
8.779777586460113525e-02
-1.534336805343627930e-01
-1.250753402709960938e-01
2.230237871408462524e-01
-2.047144025564193726e-01
6.088265404105186462e-02
1.421422362327575684e-01
-7.160461694002151489e-02
-2.238516062498092651e-01
-2.518448829650878906e-01
5.723594874143600464e-02
4.772765636444091797e-01
1.899194568395614624e-01
-1.392115652561187744e-01
1.958510279655456543e-02
-7.127872854471206665e-02
-1.000147759914398193e-01
7.972231507301330566e-02
3.308341838419437408e-03
-1.095182448625564575e-01
-6.349469721317291260e-02
-3.146253153681755066e-02
1.069358587265014648e-01
2.155983448028564453e-01
5.571514740586280823e-02
-1.046563684940338135e-02
2.055058479309082031e-01
3.787151724100112915e-02
-7.706694304943084717e-05
3.968467190861701965e-02
3.450844064354896545e-02
-7.130093127489089966e-02
-6.396622955799102783e-02
-5.808344483375549316e-02
4.197405651211738586e-02
3.066325746476650238e-02
-1.911143362522125244e-01
4.743372648954391479e-02
7.534845173358917236e-02
-1.219088286161422729e-01
2.545684278011322021e-01
2.449468150734901428e-02
1.032846234738826752e-02
2.019870840013027191e-02
1.904490031301975250e-02
-1.233381330966949463e-01
1.909866183996200562e-02
2.079626321792602539e-01
-3.095490038394927979e-01
2.228002101182937622e-01
1.783974766731262207e-01
7.397534791380167007e-03
1.424143910408020020e-01
5.505781993269920349e-02
8.483865857124328613e-02
2.256223931908607483e-02
5.299078300595283508e-03
-1.640064716339111328e-01
-1.258339881896972656e-01
-6.117791309952735901e-02
-1.235316544771194458e-01
6.555415689945220947e-02
4.584502056241035461e-02
