-1.667170971632003784e-01
7.615518569946289062e-02
-2.185306325554847717e-02
-1.571380067616701126e-03
-1.298035085201263428e-01
5.846388638019561768e-02
-7.537029683589935303e-02
-9.856352955102920532e-02
1.636000722646713257e-01
-6.449636071920394897e-02
2.434711158275604248e-01
-3.097984008491039276e-03
-2.632370293140411377e-01
-6.870874762535095215e-02
1.673867926001548767e-03
1.114770174026489258e-01
-1.230610609054565430e-01
-8.674839138984680176e-02
-1.817568093538284302e-01
-7.989946752786636353e-02
-6.297692656517028809e-02
2.788532525300979614e-02
1.906003803014755249e-02
2.214987203478813171e-02
-1.383454650640487671e-01
-3.348158895969390869e-01
-7.493868470191955566e-02
-8.592108637094497681e-02
1.554395854473114014e-01
-1.095541287213563919e-02
-4.956891387701034546e-02
1.062190043739974499e-03
-1.562250852584838867e-01
-5.019114911556243896e-02
7.839382439851760864e-02
1.387740224599838257e-01
-1.237402334809303284e-01
-4.558726027607917786e-02
1.818892210721969604e-01
-5.271763354539871216e-02
-1.620907932519912720e-01
3.259581048041582108e-03
1.721331104636192322e-02
2.060656845569610596e-01
1.657836437225341797e-01
3.052312135696411133e-02
8.658525347709655762e-02
-8.253813534975051880e-02
9.429226070642471313e-02
-2.538264691829681396e-01
9.301380813121795654e-02
2.380417883396148682e-01
1.422134786844253540e-01
4.354617372155189514e-02
1.396500766277313232e-01
-1.386744230985641479e-01
-4.282382130622863770e-02
2.572432458400726318e-01
-1.357738822698593140e-01
1.055910661816596985e-01
8.535864204168319702e-02
2.485523745417594910e-02
-4.879704117774963379e-02
-1.063743904232978821e-01
1.669652909040451050e-01
1.672004312276840210e-01
-1.450072675943374634e-01
-1.795438379049301147e-01
1.678693145513534546e-01
-2.059077620506286621e-01
-1.495959702879190445e-02
8.274500072002410889e-02
-8.736716210842132568e-02
-2.520510852336883545e-01
-2.559432089328765869e-01
4.477233439683914185e-02
4.169711768627166748e-01
2.132536023855209351e-01
-1.206929162144660950e-01
3.504224866628646851e-02
-4.522170126438140869e-02
-6.922515481710433960e-02
1.606394164264202118e-02
1.944281905889511108e-02
-1.449928432703018188e-01
-4.951556026935577393e-02
-5.116561427712440491e-02
-1.203375868499279022e-02
2.351421713829040527e-01
2.554422616958618164e-02
5.677444487810134888e-02
2.294079065322875977e-01
1.809362322092056274e-02
-2.250930294394493103e-02
1.297718845307826996e-02
-1.037900429219007492e-02
-8.116213977336883545e-02
-9.424208104610443115e-02
-3.198005259037017822e-02
-9.075492620468139648e-03
1.299793832004070282e-03
-1.805287748575210571e-01
6.704719364643096924e-02
1.761546730995178223e-02
-1.521522700786590576e-01
1.768711656332015991e-01
-3.485925495624542236e-02
6.897476315498352051e-02
5.278981104493141174e-02
3.276853635907173157e-02
-9.822914749383926392e-02
-1.018105540424585342e-02
2.469247579574584961e-01
-2.714518308639526367e-01
2.391830682754516602e-01
1.474817395210266113e-01
5.677354335784912109e-02
1.314455717802047729e-01
1.360115706920623779e-01
1.087380647659301758e-01
1.577609777450561523e-02
2.862722426652908325e-02
-1.241766512393951416e-01
-1.270569562911987305e-01
-4.126839339733123779e-02
-1.372691541910171509e-01
1.781606860458850861e-02
4.917015880346298218e-02
