-1.675852239131927490e-01
1.287958174943923950e-01
-2.007406577467918396e-02
3.206143900752067566e-02
-1.548276990652084351e-01
1.022449061274528503e-01
-1.095218658447265625e-01
-7.309882342815399170e-02
2.186215221881866455e-01
-6.257528066635131836e-02
1.917406022548675537e-01
4.397170245647430420e-02
-2.233535349369049072e-01
-1.016196534037590027e-01
6.144894659519195557e-02
1.415330171585083008e-01
-6.973578780889511108e-02
-1.672255396842956543e-01
-1.357410997152328491e-01
-3.713187202811241150e-02
-2.638998627662658691e-02
-5.158831365406513214e-03
-1.386681385338306427e-02
3.968201577663421631e-02
-2.258263826370239258e-01
-3.471039533615112305e-01
-3.004435636103153229e-02
-8.474976569414138794e-02
4.268256574869155884e-02
-7.099997252225875854e-02
-2.761726081371307373e-02
2.631297521293163300e-02
-1.876197457313537598e-01
-5.933225899934768677e-02
8.639563620090484619e-02
2.251998186111450195e-01
-7.400358468294143677e-02
-8.784782141447067261e-03
2.035413682460784912e-01
-6.443890184164047241e-02
-2.259072214365005493e-01
2.178147435188293457e-02
4.142786189913749695e-02
1.923868209123611450e-01
1.452023237943649292e-01
3.270838037133216858e-02
7.984019815921783447e-02
-1.115448251366615295e-01
1.300618648529052734e-01
-2.020963728427886963e-01
8.933965116739273071e-02
2.287836521863937378e-01
1.308636963367462158e-01
5.621816962957382202e-02
6.539745628833770752e-02
-1.480114907026290894e-01
6.407313048839569092e-03
1.940104961395263672e-01
-2.124051451683044434e-01
3.760550543665885925e-02
1.196748837828636169e-01
-9.663812816143035889e-04
-1.363416016101837158e-01
-7.852678000926971436e-02
1.152160242199897766e-01
1.449278295040130615e-01
-1.005748584866523743e-01
-2.011002898216247559e-01
1.575993299484252930e-01
-1.803851276636123657e-01
-5.265861283987760544e-03
1.472547799348831177e-01
-9.812595695257186890e-02
-3.008708059787750244e-01
-2.642679810523986816e-01
4.438824579119682312e-02
4.607059955596923828e-01
2.233964651823043823e-01
-1.741850823163986206e-01
-5.073796026408672333e-03
4.853754304349422455e-03
-5.097650736570358276e-02
1.779077388346195221e-02
1.210557855665683746e-02
-8.397287130355834961e-02
-4.917521774768829346e-02
-5.132015421986579895e-02
7.393035292625427246e-02
2.465653568506240845e-01
7.088108360767364502e-02
7.264067232608795166e-02
1.792385280132293701e-01
1.122109144926071167e-01
-2.781658433377742767e-03
-1.601935178041458130e-02
4.787029698491096497e-02
-3.067687712609767914e-02
-3.357804194092750549e-02
-1.030577495694160461e-01
-2.163075655698776245e-02
1.057631988078355789e-02
-7.295230031013488770e-02
7.278364896774291992e-02
1.549631264060735703e-02
-1.822049170732498169e-01
2.173188477754592896e-01
2.707583270967006683e-02
2.627880871295928955e-02
1.928670704364776611e-02
7.088205963373184204e-02
-1.201578676700592041e-01
-2.236906066536903381e-02
2.411769330501556396e-01
-2.567422389984130859e-01
1.857814490795135498e-01
1.551352441310882568e-01
3.436733037233352661e-02
1.341461688280105591e-01
1.253335326910018921e-01
1.445328891277313232e-01
1.828563585877418518e-02
-3.502058982849121094e-02
-1.935526728630065918e-01
-1.191990822553634644e-01
-1.680196076631546021e-02
-1.160305887460708618e-01
6.883089989423751831e-02
4.916787147521972656e-02
