-1.343248188495635986e-01
1.021952331066131592e-01
-1.288532838225364685e-02
2.684323582798242569e-03
-2.288196682929992676e-01
9.743894636631011963e-02
-4.422455281019210815e-02
-1.072848439216613770e-01
1.861199140548706055e-01
-8.542189747095108032e-02
2.388481050729751587e-01
1.374800782650709152e-02
-2.586644887924194336e-01
-2.241112291812896729e-02
-4.518282040953636169e-02
1.565440893173217773e-01
-1.555036604404449463e-01
-1.016541048884391785e-01
-1.401180624961853027e-01
-1.606398075819015503e-02
8.539269678294658661e-03
3.694116696715354919e-02
3.910437971353530884e-02
3.810870274901390076e-02
-9.056597203016281128e-02
-3.425023257732391357e-01
-2.866417914628982544e-02
-1.080340668559074402e-01
1.769376546144485474e-01
-1.105948016047477722e-01
-8.133225142955780029e-03
2.066572196781635284e-03
-9.861031174659729004e-02
-1.030148006975650787e-02
2.786900848150253296e-03
4.198078811168670654e-02
-4.912327229976654053e-02
-5.766070261597633362e-02
2.772400975227355957e-01
5.728395655751228333e-03
-2.619827985763549805e-01
3.384555224329233170e-03
-6.992241367697715759e-03
2.625641524791717529e-01
1.429172009229660034e-01
-3.759209439158439636e-02
8.332346379756927490e-02
-5.217101797461509705e-02
7.662303745746612549e-02
-3.070284426212310791e-01
7.775042951107025146e-02
1.357441097497940063e-01
1.474495977163314819e-01
5.497432127594947815e-02
3.598494455218315125e-02
-1.670308858156204224e-01
-4.762872308492660522e-02
1.698634773492813110e-01
-1.657038927078247070e-01
1.524086296558380127e-01
1.470499932765960693e-01
-7.588384300470352173e-02
-6.684963405132293701e-02
-5.710198357701301575e-02
2.147729843854904175e-01
1.298426985740661621e-01
-1.511854976415634155e-01
-1.561099290847778320e-01
9.725321829319000244e-02
-1.711485087871551514e-01
-4.868075251579284668e-02
1.096806675195693970e-01
-7.832077890634536743e-02
-1.842927336692810059e-01
-2.474108040332794189e-01
4.056759923696517944e-02
4.745230376720428467e-01
1.679675430059432983e-01
-2.008479684591293335e-01
-7.875519990921020508e-02
-7.444779574871063232e-02
-4.375089332461357117e-02
1.768797822296619415e-02
8.556193113327026367e-02
-7.311023771762847900e-02
-5.896616354584693909e-02
-7.684776186943054199e-02
1.612984202802181244e-02
1.981559544801712036e-01
-2.928852103650569916e-02
2.509102225303649902e-02
2.995965480804443359e-01
9.321561455726623535e-02
1.960759982466697693e-04
-1.652448251843452454e-02
1.142943203449249268e-01
-4.596837610006332397e-02
-6.756399571895599365e-02
2.202912233769893646e-03
9.858366101980209351e-03
5.067946761846542358e-02
-1.503852307796478271e-01
7.902349531650543213e-02
2.317880839109420776e-02
-2.023473978042602539e-01
2.454003542661666870e-01
-3.925110772252082825e-02
4.052688181400299072e-02
8.945411443710327148e-02
1.861117221415042877e-02
-5.812855064868927002e-02
4.238309338688850403e-03
2.587482929229736328e-01
-2.501486837863922119e-01
2.201037257909774780e-01
1.956348568201065063e-01
8.671286702156066895e-02
1.371630579233169556e-01
6.894666701555252075e-02
8.954801410436630249e-02
5.974031984806060791e-03
8.373046293854713440e-04
-1.120208054780960083e-01
-1.075662523508071899e-01
-3.019893728196620941e-02
-1.401101350784301758e-01
4.696917720139026642e-03
6.463733315467834473e-02
