-1.601020395755767822e-01
1.187439560890197754e-01
-3.257244452834129333e-02
5.329272709786891937e-03
-1.684072613716125488e-01
1.148174256086349487e-01
-7.704043388366699219e-02
-7.506345957517623901e-02
1.932895332574844360e-01
-1.268329173326492310e-01
2.363256067037582397e-01
1.677256450057029724e-02
-2.409428656101226807e-01
-7.045026868581771851e-02
3.742976114153862000e-02
1.494425982236862183e-01
-9.293229132890701294e-02
-1.425887793302536011e-01
-9.009211510419845581e-02
-5.722359567880630493e-02
-2.686009369790554047e-02
3.057011030614376068e-02
-2.374323084950447083e-02
9.413575381040573120e-02
-1.528225541114807129e-01
-3.794272840023040771e-01
-6.051641330122947693e-02
-2.553864941000938416e-02
1.102648526430130005e-01
-1.587959080934524536e-01
1.289986539632081985e-02
6.375434249639511108e-02
-1.530787944793701172e-01
1.041388884186744690e-02
7.897227257490158081e-02
1.887490749359130859e-01
-4.912701994180679321e-02
1.023714710026979446e-02
2.449015527963638306e-01
9.180726483464241028e-04
-1.897339671850204468e-01
2.413346618413925171e-02
6.670829653739929199e-02
2.491976618766784668e-01
1.413325518369674683e-01
-1.484804088249802589e-04
8.364320546388626099e-02
-1.436757147312164307e-01
1.212793514132499695e-01
-2.281514853239059448e-01
9.593363851308822632e-02
2.312358766794204712e-01
9.593703597784042358e-02
7.840066403150558472e-02
6.414119899272918701e-02
-1.697673052549362183e-01
-5.642994493246078491e-02
1.688523441553115845e-01
-1.401076316833496094e-01
1.010051593184471130e-01
1.409590989351272583e-01
1.815778017044067383e-02
-1.251329481601715088e-01
-2.937808074057102203e-02
1.173901632428169250e-01
1.241485625505447388e-01
-1.250134706497192383e-01
-2.558671832084655762e-01
1.257949620485305786e-01
-2.084665596485137939e-01
-2.510943077504634857e-02
1.795092523097991943e-01
-8.403858542442321777e-02
-2.375142127275466919e-01
-2.333598434925079346e-01
8.901172876358032227e-02
4.127660393714904785e-01
1.704077869653701782e-01
-1.608110070228576660e-01
-1.570637524127960205e-02
-2.366557531058788300e-02
-3.942433372139930725e-02
6.907728314399719238e-02
3.815090982243418694e-03
-8.266704529523849487e-02
-1.364052593708038330e-01
-5.583117157220840454e-02
8.638801425695419312e-02
2.392273247241973877e-01
8.501893281936645508e-02
4.968997091054916382e-02
1.807246506214141846e-01
9.643287956714630127e-02
1.422497443854808807e-02
1.147359982132911682e-02
1.374191045761108398e-01
-6.656244397163391113e-02
-4.059537500143051147e-02
-1.027638837695121765e-01
-2.114431932568550110e-02
4.458039067685604095e-03
-1.014131754636764526e-01
5.536245554685592651e-02
3.616007417440414429e-02
-2.085566669702529907e-01
2.530725002288818359e-01
-2.113249385729432106e-03
-9.740032255649566650e-04
4.817630723118782043e-02
1.076028421521186829e-01
-1.744084507226943970e-01
1.051685214042663574e-02
2.224229425191879272e-01
-3.079470694065093994e-01
2.378134429454803467e-01
1.527779996395111084e-01
2.217921428382396698e-02
1.242844089865684509e-01
1.393388360738754272e-01
1.752703487873077393e-01
1.891635358333587646e-02
-5.858821421861648560e-02
-9.193084388971328735e-02
-1.167521178722381592e-01
-4.484429210424423218e-02
-8.812362700700759888e-02
-3.672610968351364136e-03
-2.684308402240276337e-02
