-1.396621763706207275e-01
1.417862623929977417e-01
6.654877960681915283e-02
3.105963021516799927e-02
-1.277310103178024292e-01
1.173316128551959991e-02
-5.053917318582534790e-02
-1.056040078401565552e-01
1.776398271322250366e-01
-6.372252106666564941e-02
2.315815836191177368e-01
4.966518655419349670e-02
-1.821316629648208618e-01
-1.565448790788650513e-01
5.816614627838134766e-02
9.160526096820831299e-02
-6.716267764568328857e-02
-1.600924581289291382e-01
-1.180325746536254883e-01
-5.733910202980041504e-02
-2.044459804892539978e-02
-4.570971801877021790e-02
2.778836339712142944e-02
2.007106132805347443e-02
-1.842957288026809692e-01
-3.107412457466125488e-01
-8.840286731719970703e-02
-6.908857077360153198e-02
1.320189088582992554e-01
-6.961119174957275391e-02
1.663227006793022156e-02
3.314266353845596313e-02
-2.100872546434402466e-01
-6.274402886629104614e-02
3.895560279488563538e-02
1.347936838865280151e-01
-3.450409322977066040e-02
1.571198552846908569e-02
1.846162080764770508e-01
-1.172426491975784302e-01
-2.040295600891113281e-01
1.776987127959728241e-02
2.192379161715507507e-02
1.556842327117919922e-01
1.931973844766616821e-01
5.355034768581390381e-02
6.236569583415985107e-02
-1.283824443817138672e-01
1.047939136624336243e-01
-2.110309302806854248e-01
1.226627826690673828e-01
2.155799418687820435e-01
1.019280925393104553e-01
1.595529168844223022e-02
1.296110302209854126e-01
-1.534567624330520630e-01
-8.929461240768432617e-03
1.976582556962966919e-01
-2.007683515548706055e-01
7.611998170614242554e-02
1.005866155028343201e-01
1.673563383519649506e-02
-1.131787225604057312e-01
-8.288475871086120605e-02
9.978017956018447876e-02
1.433773785829544067e-01
-1.064052283763885498e-01
-1.908428966999053955e-01
1.860674172639846802e-01
-2.091335803270339966e-01
3.813569620251655579e-02
1.931234002113342285e-01
-6.356142461299896240e-02
-2.364684343338012695e-01
-2.721474468708038330e-01
5.226738378405570984e-02
4.202914535999298096e-01
2.028329968452453613e-01
-1.705454736948013306e-01
-2.744988724589347839e-02
-2.952867373824119568e-02
-1.577500253915786743e-02
4.625920578837394714e-02
-2.969280444085597992e-02
-1.323759555816650391e-01
-1.137796342372894287e-01
-8.647729456424713135e-02
3.683332353830337524e-02
1.886244565248489380e-01
9.487184882164001465e-02
5.434288457036018372e-02
1.987293064594268799e-01
4.439011216163635254e-02
5.037408322095870972e-03
-3.739339113235473633e-02
5.581486225128173828e-02
-5.255489423871040344e-02
-1.409065909683704376e-02
-9.214176237583160400e-02
1.827859692275524139e-02
2.084050141274929047e-02
-8.376723527908325195e-02
2.059637010097503662e-02
5.858162045478820801e-02
-1.497064381837844849e-01
1.599702984094619751e-01
-2.102464064955711365e-02
4.531689733266830444e-02
-3.374570980668067932e-03
1.045359671115875244e-02
-1.142344251275062561e-01
1.772336661815643311e-02
2.099060863256454468e-01
-2.771944403648376465e-01
2.376994639635086060e-01
1.397549360990524292e-01
-4.091435670852661133e-02
9.348669648170471191e-02
1.187039464712142944e-01
1.290552318096160889e-01
9.888205677270889282e-03
-1.012385487556457520e-01
-1.603554189205169678e-01
-8.202905952930450439e-02
-7.339539006352424622e-03
-2.110063582658767700e-01
4.264613613486289978e-02
1.616448536515235901e-02
