-1.091237291693687439e-01
9.762950986623764038e-02
-1.544968690723180771e-03
-1.987196318805217743e-02
-1.544319242238998413e-01
1.037765070796012878e-01
-9.884189069271087646e-02
-1.301117539405822754e-01
2.386506199836730957e-01
-1.565424799919128418e-01
2.398600578308105469e-01
5.285450071096420288e-02
-1.645934581756591797e-01
-1.589460521936416626e-01
2.071795240044593811e-02
1.562003344297409058e-01
-7.182903587818145752e-02
-1.792776882648468018e-01
-1.629244536161422729e-01
-6.040860712528228760e-02
-6.799825280904769897e-02
-1.473177038133144379e-02
1.564035937190055847e-02
1.470531150698661804e-02
-1.557109057903289795e-01
-3.339000940322875977e-01
-8.542138338088989258e-02
-8.967462182044982910e-02
1.484545767307281494e-01
-1.375946104526519775e-01
-3.716461360454559326e-02
4.856407269835472107e-02
-1.876703053712844849e-01
-4.595269635319709778e-02
6.925291568040847778e-02
1.410613507032394409e-01
-8.602156490087509155e-02
3.563537262380123138e-03
1.373291909694671631e-01
-4.237401857972145081e-02
-1.768109351396560669e-01
2.847661077976226807e-02
1.865833625197410583e-02
1.837538182735443115e-01
2.102758586406707764e-01
6.367439776659011841e-02
5.858345329761505127e-02
-1.301058828830718994e-01
1.074879318475723267e-01
-2.396474331617355347e-01
9.211290627717971802e-02
1.728841513395309448e-01
1.057251766324043274e-01
7.805219292640686035e-02
1.138345301151275635e-01
-1.646651923656463623e-01
1.778807304799556732e-02
1.539213955402374268e-01
-2.020520269870758057e-01
1.178660392761230469e-01
8.594211190938949585e-02
-9.323811158537864685e-03
-1.573628038167953491e-01
-2.750702435150742531e-03
1.271019130945205688e-01
1.594328880310058594e-01
-9.948297590017318726e-02
-2.304740846157073975e-01
1.368706226348876953e-01
-2.285514026880264282e-01
6.283254176378250122e-02
1.908080875873565674e-01
-9.185966104269027710e-02
-2.491960376501083374e-01
-2.214569151401519775e-01
2.408872358500957489e-02
4.318482577800750732e-01
2.152080982923507690e-01
-1.345956027507781982e-01
-3.222279250621795654e-02
-3.908509388566017151e-03
-1.580604910850524902e-02
1.608763355761766434e-03
-3.618955984711647034e-02
-1.427522599697113037e-01
-1.085778996348381042e-01
-4.609354957938194275e-02
4.649525880813598633e-02
2.032766789197921753e-01
4.327490180730819702e-02
6.592208147048950195e-02
2.435255795717239380e-01
2.273790910840034485e-02
-4.401748254895210266e-02
-2.902343124151229858e-02
6.427612900733947754e-02
-3.532407432794570923e-02
-5.188253894448280334e-02
-3.994349017739295959e-02
-7.367860525846481323e-02
4.438730329275131226e-02
-1.264428496360778809e-01
5.315177887678146362e-02
7.795909419655799866e-03
-1.858836710453033447e-01
1.969183385372161865e-01
-6.256422400474548340e-02
5.333205685019493103e-02
4.777896404266357422e-02
2.487198635935783386e-02
-1.157552450895309448e-01
-1.124819181859493256e-02
2.455871552228927612e-01
-2.744758725166320801e-01
2.317762523889541626e-01
2.137074470520019531e-01
4.638453200459480286e-02
1.025435179471969604e-01
1.035507470369338989e-01
1.299210190773010254e-01
4.205663222819566727e-03
-5.866379290819168091e-02
-8.061718195676803589e-02
-9.499904513359069824e-02
-5.438661575317382812e-02
-1.550204455852508545e-01
3.939799964427947998e-03
-1.085664704442024231e-02
