-1.858467012643814087e-01
1.871183663606643677e-01
3.997356072068214417e-02
-1.172342989593744278e-02
-1.028462946414947510e-01
5.437652021646499634e-02
-6.767876446247100830e-02
-1.133127585053443909e-01
1.876007169485092163e-01
-1.166122406721115112e-01
2.546824514865875244e-01
5.592445656657218933e-02
-1.793765127658843994e-01
-1.640292257070541382e-01
2.555886656045913696e-02
1.350277513265609741e-01
-5.363745242357254028e-02
-1.949928253889083862e-01
-1.412034332752227783e-01
-3.821951150894165039e-02
1.329332869499921799e-02
1.117572095245122910e-02
-4.332596808671951294e-02
3.708771616220474243e-02
-1.635091602802276611e-01
-3.687789440155029297e-01
-9.693537652492523193e-02
-4.198573157191276550e-02
1.784731149673461914e-01
-1.241726949810981750e-01
-1.544591225683689117e-02
-2.219413965940475464e-02
-2.064888775348663330e-01
-7.698667049407958984e-02
3.561062365770339966e-02
1.355519592761993408e-01
-8.682802319526672363e-02
-3.055874072015285492e-02
1.548946201801300049e-01
-4.599750041961669922e-02
-1.796909421682357788e-01
8.245668374001979828e-03
9.527439624071121216e-02
2.300043404102325439e-01
2.270397841930389404e-01
1.238944847136735916e-02
9.404379129409790039e-02
-1.297979056835174561e-01
5.049198120832443237e-02
-2.559354901313781738e-01
1.148112639784812927e-01
1.661492586135864258e-01
1.118390634655952454e-01
1.308930367231369019e-01
1.410029083490371704e-01
-1.655230224132537842e-01
-2.138168923556804657e-02
1.907089054584503174e-01
-1.975312232971191406e-01
8.500602841377258301e-02
8.587067574262619019e-02
2.059293352067470551e-02
-1.649455726146697998e-01
-3.299645707011222839e-02
1.325886994600296021e-01
1.222746521234512329e-01
-1.283616870641708374e-01
-2.168236374855041504e-01
1.491812616586685181e-01
-2.248758375644683838e-01
2.773079462349414825e-02
1.600090116262435913e-01
-5.432325229048728943e-02
-2.130476087331771851e-01
-2.964190244674682617e-01
1.143805682659149170e-01
4.237240850925445557e-01
2.378916889429092407e-01
-1.271147280931472778e-01
3.466583415865898132e-02
-3.076551854610443115e-02
-1.887967810034751892e-02
3.098354116082191467e-02
-4.007146880030632019e-02
-1.128433570265769958e-01
-1.242897510528564453e-01
-3.541699424386024475e-02
7.688999921083450317e-02
1.656815856695175171e-01
1.181604191660881042e-01
6.565678864717483521e-02
1.843871921300888062e-01
4.905683919787406921e-02
-3.710074350237846375e-02
-1.204395201057195663e-02
1.111247912049293518e-01
-7.278407365083694458e-02
-4.918425902724266052e-02
-6.059269607067108154e-02
-2.051237598061561584e-02
1.223780773580074310e-02
-7.298374921083450317e-02
4.797773808240890503e-02
7.228399068117141724e-02
-1.758742928504943848e-01
2.067391574382781982e-01
8.823903277516365051e-03
3.087159432470798492e-02
5.636020377278327942e-02
3.126029297709465027e-02
-1.240323707461357117e-01
-1.158553268760442734e-02
1.634858846664428711e-01
-2.978633642196655273e-01
2.160581052303314209e-01
1.808420717716217041e-01
1.709716860204935074e-03
1.143755316734313965e-01
1.505368053913116455e-01
1.112173348665237427e-01
3.742006421089172363e-02
-5.962020158767700195e-02
-1.231477409601211548e-01
-7.357030361890792847e-02
-2.300475165247917175e-02
-1.619593948125839233e-01
7.479807361960411072e-03
-3.953226841986179352e-03
