-1.231245398521423340e-01
1.406450122594833374e-01
9.326081722974777222e-03
3.198164701461791992e-02
-1.350492388010025024e-01
7.257062196731567383e-02
-8.485686779022216797e-02
-1.605074256658554077e-01
1.925281584262847900e-01
-7.296619564294815063e-02
2.092360854148864746e-01
3.793776035308837891e-02
-2.203103750944137573e-01
-1.211227402091026306e-01
4.180428013205528259e-02
1.242156773805618286e-01
-1.919964887201786041e-02
-1.671780347824096680e-01
-1.146984100341796875e-01
-2.743316069245338440e-02
-1.414782740175724030e-02
-7.482685614377260208e-03
-1.430707052350044250e-02
6.634783744812011719e-02
-1.935582309961318970e-01
-3.305232822895050049e-01
-1.034032851457595825e-01
-5.778487399220466614e-02
5.451348423957824707e-02
-1.100177839398384094e-01
-1.219398807734251022e-02
5.005228519439697266e-02
-1.740278154611587524e-01
-3.956636786460876465e-02
6.751626729965209961e-02
1.865076273679733276e-01
-9.252793341875076294e-02
7.569923996925354004e-03
1.595821827650070190e-01
-1.862077042460441589e-02
-2.060577869415283203e-01
4.352959990501403809e-02
2.382209897041320801e-02
2.144039571285247803e-01
1.700536757707595825e-01
3.282904624938964844e-02
9.338468313217163086e-02
-1.081382557749748230e-01
6.050632148981094360e-02
-2.344585061073303223e-01
8.813152462244033813e-02
2.060198038816452026e-01
1.238939315080642700e-01
6.303226202726364136e-02
9.714466333389282227e-02
-1.907613873481750488e-01
-2.562420442700386047e-02
1.962376534938812256e-01
-1.904806047677993774e-01
1.162580996751785278e-01
1.210145130753517151e-01
-3.237459063529968262e-02
-1.324319690465927124e-01
-3.490696847438812256e-02
1.046908721327781677e-01
1.541085243225097656e-01
-1.294065415859222412e-01
-1.632374078035354614e-01
1.375047713518142700e-01
-1.967367678880691528e-01
2.697120420634746552e-02
1.713896542787551880e-01
-9.291132539510726929e-02
-2.947249412536621094e-01
-2.561937570571899414e-01
8.374133706092834473e-02
4.499748945236206055e-01
2.000037282705307007e-01
-1.770772337913513184e-01
-5.964082479476928711e-02
-2.255371026694774628e-02
3.663028776645660400e-02
2.514846809208393097e-02
-5.930997431278228760e-02
-1.027592346072196960e-01
-1.247671991586685181e-01
-7.586337625980377197e-02
5.432744324207305908e-02
2.144436389207839966e-01
7.357951998710632324e-02
7.745815068483352661e-02
2.201473414897918701e-01
4.312372952699661255e-02
-1.407659240067005157e-02
-3.318985551595687866e-02
9.316933900117874146e-02
-2.322634682059288025e-02
-3.347736597061157227e-02
-6.046728789806365967e-02
-2.832443453371524811e-03
3.056220710277557373e-03
-1.423285156488418579e-01
5.712013691663742065e-02
2.791911363601684570e-02
-2.119674086570739746e-01
1.963588595390319824e-01
1.437897980213165283e-02
1.639700308442115784e-02
2.718498930335044861e-02
5.467025190591812134e-02
-1.733858138322830200e-01
1.490290183573961258e-02
2.571620941162109375e-01
-3.179765641689300537e-01
2.366401106119155884e-01
2.030456662178039551e-01
8.082343265414237976e-04
1.075782775878906250e-01
1.080897673964500427e-01
1.375500857830047607e-01
-1.309041865170001984e-03
-1.008988246321678162e-01
-1.191909089684486389e-01
-1.008061245083808899e-01
-1.505210902541875839e-02
-1.406546831130981445e-01
-7.639978080987930298e-03
-1.499534584581851959e-03
