-1.593590080738067627e-01
7.392522692680358887e-02
-1.484313979744911194e-02
2.682594954967498779e-02
-1.021276563405990601e-01
9.180064499378204346e-02
-6.798668205738067627e-02
-7.256224751472473145e-02
2.389328479766845703e-01
-9.896463900804519653e-02
2.272362411022186279e-01
4.238987714052200317e-02
-2.020526379346847534e-01
-1.072866991162300110e-01
4.329786822199821472e-02
1.047239750623703003e-01
-6.034638732671737671e-02
-1.416490823030471802e-01
-1.380679905414581299e-01
-6.734772026538848877e-02
1.622849330306053162e-02
1.493443548679351807e-02
1.006578188389539719e-02
4.215059056878089905e-02
-1.906371116638183594e-01
-3.771869540214538574e-01
-8.363699913024902344e-02
-9.240309149026870728e-02
7.645254582166671753e-02
-1.124497205018997192e-01
-1.110763382166624069e-02
4.388989508152008057e-02
-1.872921884059906006e-01
-5.357342958450317383e-02
5.441919714212417603e-02
1.634512543678283691e-01
-5.131091177463531494e-02
8.868882432579994202e-03
1.927523612976074219e-01
-2.467502653598785400e-02
-1.717406958341598511e-01
4.724073037505149841e-02
4.137082397937774658e-02
2.039573490619659424e-01
1.972081810235977173e-01
6.164092943072319031e-02
5.092831328511238098e-02
-8.258004486560821533e-02
7.559199631214141846e-02
-2.997092604637145996e-01
1.304662227630615234e-01
2.092074751853942871e-01
1.257865130901336670e-01
6.904006004333496094e-02
1.042812466621398926e-01
-1.660843193531036377e-01
-2.919185161590576172e-02
1.390127390623092651e-01
-1.995407342910766602e-01
1.217037364840507507e-01
8.310512453317642212e-02
2.269429713487625122e-02
-1.336925923824310303e-01
4.616337362676858902e-03
1.343410611152648926e-01
2.079267799854278564e-01
-1.141728609800338745e-01
-1.880391687154769897e-01
1.508683562278747559e-01
-2.214740663766860962e-01
2.773670293390750885e-02
1.664044409990310669e-01
-1.132437363266944885e-01
-2.982243895530700684e-01
-2.068047076463699341e-01
6.659851223230361938e-02
4.894208908081054688e-01
2.204872667789459229e-01
-1.773702651262283325e-01
3.370299004018306732e-03
-6.064894795417785645e-02
-1.232096552848815918e-02
4.898111522197723389e-02
-2.626869454979896545e-02
-7.593685388565063477e-02
-1.006496399641036987e-01
-4.776711016893386841e-02
8.794614672660827637e-02
2.206916958093643188e-01
9.516518563032150269e-02
-4.721449688076972961e-03
2.523905336856842041e-01
6.986326724290847778e-02
1.690593361854553223e-02
1.234927587211132050e-02
6.044146418571472168e-02
1.034424267709255219e-02
-7.280072569847106934e-02
-9.963997453451156616e-02
-4.191275686025619507e-02
1.320169214159250259e-02
-6.133985146880149841e-02
4.076395556330680847e-02
1.260378304868936539e-02
-1.795976907014846802e-01
2.282473295927047729e-01
-6.957085337489843369e-03
3.136643022298812866e-02
3.913436084985733032e-02
6.183234602212905884e-02
-1.312013864517211914e-01
3.717229887843132019e-02
2.270391285419464111e-01
-2.962217628955841064e-01
2.319926917552947998e-01
1.564898043870925903e-01
1.808953844010829926e-02
1.487779170274734497e-01
9.117239713668823242e-02
1.218297183513641357e-01
6.049728766083717346e-02
-5.974282696843147278e-02
-1.540724933147430420e-01
-9.073009341955184937e-02
-5.295915901660919189e-02
-1.101624369621276855e-01
3.047028928995132446e-02
2.693680673837661743e-02
