-1.880592703819274902e-01
1.496784090995788574e-01
2.133940905332565308e-02
1.097443606704473495e-02
-1.196207031607627869e-01
9.509746730327606201e-02
-6.828580796718597412e-02
-1.123422309756278992e-01
2.231296598911285400e-01
-1.509960889816284180e-01
1.979609429836273193e-01
2.949327975511550903e-02
-2.056077867746353149e-01
-1.163380965590476990e-01
9.554017335176467896e-03
1.499440819025039673e-01
-9.076042473316192627e-02
-1.852988302707672119e-01
-1.719049811363220215e-01
-7.253851741552352905e-02
-6.438374519348144531e-03
3.830058500170707703e-02
-4.631505906581878662e-02
5.050561577081680298e-02
-1.414535492658615112e-01
-3.784407675266265869e-01
-6.723670661449432373e-02
-6.124430894851684570e-02
1.720385253429412842e-01
-1.456334441900253296e-01
-8.117684721946716309e-02
5.552907474339008331e-03
-1.792396008968353271e-01
-8.058626204729080200e-02
3.450154513120651245e-02
1.680716127157211304e-01
-2.465999126434326172e-02
-1.958784833550453186e-02
1.592403054237365723e-01
-2.775117196142673492e-02
-2.104790061712265015e-01
1.368841715157032013e-02
6.163999438285827637e-02
2.469206154346466064e-01
1.930830329656600952e-01
-1.750491373240947723e-02
6.190838664770126343e-02
-1.046531498432159424e-01
1.217634454369544983e-01
-2.332351207733154297e-01
1.264023929834365845e-01
1.820697784423828125e-01
1.413800716400146484e-01
1.070999354124069214e-01
1.427126824855804443e-01
-1.509180665016174316e-01
-4.274306073784828186e-02
1.933260113000869751e-01
-1.596199721097946167e-01
1.251524537801742554e-01
1.479023247957229614e-01
-1.111180335283279419e-02
-1.233045756816864014e-01
-2.540740184485912323e-02
9.017507731914520264e-02
1.030810773372650146e-01
-1.041227579116821289e-01
-2.589159905910491943e-01
1.217358782887458801e-01
-2.076450586318969727e-01
2.068412676453590393e-02
1.545890420675277710e-01
-6.859450787305831909e-02
-2.101020663976669312e-01
-2.798307538032531738e-01
1.142053306102752686e-01
4.583245515823364258e-01
2.336446493864059448e-01
-1.500873714685440063e-01
1.434125006198883057e-02
-4.475880786776542664e-02
-6.094547361135482788e-02
6.684430688619613647e-02
5.104077979922294617e-03
-7.961587607860565186e-02
-7.346475124359130859e-02
-5.603473260998725891e-02
8.624008297920227051e-02
1.825821846723556519e-01
1.242152899503707886e-01
4.025525227189064026e-02
2.011956721544265747e-01
4.486523196101188660e-02
-3.912571817636489868e-02
-1.041254680603742599e-02
1.216248199343681335e-01
-1.030391231179237366e-01
-4.323841258883476257e-02
-6.676562130451202393e-02
-3.627029806375503540e-02
4.110124334692955017e-02
-8.309289067983627319e-02
4.114931076765060425e-02
4.328487440943717957e-02
-1.584463566541671753e-01
2.138863801956176758e-01
-2.385225519537925720e-02
6.243495643138885498e-02
5.665293335914611816e-02
4.186379909515380859e-02
-1.430875808000564575e-01
-5.122440634295344353e-04
2.059116959571838379e-01
-2.803834378719329834e-01
1.762147694826126099e-01
1.707856208086013794e-01
2.350210025906562805e-02
1.073726713657379150e-01
1.259567290544509888e-01
1.144200041890144348e-01
5.954457819461822510e-02
-4.231602698564529419e-02
-1.309452801942825317e-01
-1.039620563387870789e-01
-4.732363857328891754e-03
-1.330890506505966187e-01
4.830436781048774719e-03
1.106952037662267685e-02
