-1.171213015913963318e-01
1.287741363048553467e-01
3.259898722171783447e-02
3.495936468243598938e-02
-1.531326621770858765e-01
2.041573077440261841e-02
-1.161144152283668518e-01
-9.761297702789306641e-02
1.958933025598526001e-01
-8.478442579507827759e-02
2.330305725336074829e-01
7.293097674846649170e-02
-2.084453701972961426e-01
-1.239780038595199585e-01
6.679090857505798340e-02
1.220881491899490356e-01
-5.632653087377548218e-02
-1.684882044792175293e-01
-1.496725976467132568e-01
-3.378213942050933838e-02
-1.796008460223674774e-02
4.562262445688247681e-03
-1.257107406854629517e-02
-2.330760937184095383e-03
-1.851431280374526978e-01
-3.765720129013061523e-01
-7.849024981260299683e-02
-3.102686069905757904e-02
1.151776090264320374e-01
-1.234345957636833191e-01
1.542167644947767258e-02
2.694874443113803864e-02
-2.103219330310821533e-01
-5.815712735056877136e-02
9.156096726655960083e-02
1.734091043472290039e-01
-4.186644405126571655e-02
5.745681002736091614e-03
1.458558142185211182e-01
-4.764680564403533936e-02
-2.308117300271987915e-01
1.890359446406364441e-03
4.313563182950019836e-02
1.435932219028472900e-01
1.743090003728866577e-01
5.180173367261886597e-02
7.340035587549209595e-02
-1.445738226175308228e-01
8.569424599409103394e-02
-2.243119627237319946e-01
1.419627368450164795e-01
1.918349117040634155e-01
1.627779453992843628e-01
9.794484078884124756e-02
1.272404789924621582e-01
-1.731744855642318726e-01
4.329279996454715729e-03
2.446894943714141846e-01
-2.140371650457382202e-01
5.870943143963813782e-02
1.107632517814636230e-01
1.908434927463531494e-02
-1.066052317619323730e-01
-3.337658941745758057e-02
1.206702068448066711e-01
1.289252936840057373e-01
-1.211644858121871948e-01
-1.741683185100555420e-01
9.485764801502227783e-02
-2.233137190341949463e-01
7.641355041414499283e-03
1.383643746376037598e-01
-2.636047638952732086e-02
-2.678439021110534668e-01
-2.873242795467376709e-01
6.158312410116195679e-02
3.873859941959381104e-01
2.164419889450073242e-01
-2.274630516767501831e-01
-2.406475506722927094e-02
5.609420128166675568e-03
-3.763966634869575500e-02
2.798904292285442352e-02
-3.187084197998046875e-02
-1.253949105739593506e-01
-8.296898007392883301e-02
-4.572299122810363770e-02
1.554058585315942764e-02
2.187370955944061279e-01
1.006397455930709839e-01
1.074947565793991089e-01
2.331176400184631348e-01
3.905593603849411011e-02
1.850822381675243378e-02
-1.830623857676982880e-02
4.856899380683898926e-02
-5.590717867016792297e-02
-5.407207459211349487e-02
-4.495971277356147766e-02
-3.590745106339454651e-02
-1.962577179074287415e-02
-8.769443631172180176e-02
2.113902755081653595e-02
1.220485568046569824e-02
-1.968656927347183228e-01
2.117262929677963257e-01
-4.160781390964984894e-03
2.911976724863052368e-02
3.886193037033081055e-02
3.304262831807136536e-02
-9.389787912368774414e-02
-4.611155763268470764e-02
2.112603485584259033e-01
-3.001415729522705078e-01
2.534700930118560791e-01
1.826456040143966675e-01
-1.147621124982833862e-02
1.525647044181823730e-01
1.175285577774047852e-01
1.398668885231018066e-01
2.073137462139129639e-02
-8.298208564519882202e-02
-1.113529801368713379e-01
-7.907664030790328979e-02
-8.619286119937896729e-03
-1.965458691120147705e-01
7.734497077763080597e-03
-7.565834093838930130e-03
