-1.943841725587844849e-01
1.476789861917495728e-01
5.963706970214843750e-02
-4.742862284183502197e-02
-1.810813397169113159e-01
-2.237856574356555939e-02
-3.469061851501464844e-02
-7.082152366638183594e-02
5.275365337729454041e-02
4.484821483492851257e-02
2.103440016508102417e-01
-5.174612626433372498e-02
-2.443210184574127197e-01
2.803569100797176361e-02
1.840426400303840637e-02
1.206036880612373352e-01
-9.439070522785186768e-02
-1.001501306891441345e-01
-2.318937480449676514e-01
-7.921907305717468262e-02
-5.667801201343536377e-02
1.371812727302312851e-02
4.839391633868217468e-02
1.193660795688629150e-01
-1.266056001186370850e-01
-2.272742986679077148e-01
-6.593824923038482666e-02
-8.213233202695846558e-02
7.811874896287918091e-02
-2.106153219938278198e-01
-6.593603640794754028e-03
2.808843925595283508e-02
-2.491080164909362793e-01
-1.069650202989578247e-01
4.095458611845970154e-02
4.075400531291961670e-03
-1.485272645950317383e-01
-1.180882304906845093e-01
2.505326569080352783e-01
1.978997513651847839e-02
-1.375153362751007080e-01
-7.757872808724641800e-03
7.777187228202819824e-02
2.463496625423431396e-01
3.026969432830810547e-01
-2.486943826079368591e-02
5.187457427382469177e-02
-4.172778874635696411e-02
1.434587687253952026e-01
-2.554684877395629883e-01
-6.359171122312545776e-03
1.440588384866714478e-01
1.911715269088745117e-01
8.463542908430099487e-02
6.920607388019561768e-02
-1.653000414371490479e-01
5.485345050692558289e-02
1.712326705455780029e-01
-1.967310458421707153e-01
1.399222612380981445e-01
2.855932153761386871e-02
-1.646588593721389771e-01
-9.625454992055892944e-02
-6.219355016946792603e-02
1.385863572359085083e-01
9.436911344528198242e-02
-9.899655729532241821e-02
-2.015983313322067261e-01
1.004804819822311401e-01
-1.344806849956512451e-01
-9.834595955908298492e-03
2.258324921131134033e-01
-1.027275919914245605e-01
-2.084821313619613647e-01
-2.953790426254272461e-01
2.480280026793479919e-02
3.464058935642242432e-01
1.173110455274581909e-01
-2.291785180568695068e-01
-2.596332319080829620e-02
3.325165016576647758e-03
-6.992045789957046509e-02
-6.910751014947891235e-02
9.138114750385284424e-02
-1.566049754619598389e-01
-8.192906528711318970e-02
-9.335091710090637207e-02
5.288139730691909790e-02
2.023501992225646973e-01
-8.173215202987194061e-03
-2.439367584884166718e-02
2.040490955114364624e-01
2.829786017537117004e-02
-4.810205847024917603e-02
4.483803734183311462e-02
8.994999527931213379e-02
-1.354017853736877441e-01
-1.063856706023216248e-01
-2.992028743028640747e-02
-2.390511706471443176e-02
1.066067628562450409e-02
-1.273838281631469727e-01
-3.253220021724700928e-02
4.176590964198112488e-02
-1.229372024536132812e-01
1.711817681789398193e-01
-7.380113005638122559e-02
-6.929528899490833282e-03
-1.644989103078842163e-01
-1.284449696540832520e-01
-6.892883777618408203e-02
6.185824796557426453e-02
1.729311794042587280e-01
-2.704124748706817627e-01
1.834582537412643433e-01
1.819744557142257690e-01
-7.982721924781799316e-02
5.243542045354843140e-02
5.254916474223136902e-02
3.322740271687507629e-02
-8.424228988587856293e-03
9.743116050958633423e-02
-4.568050429224967957e-02
-1.088418886065483093e-01
7.915316522121429443e-02
-8.466462790966033936e-02
8.499477058649063110e-02
-2.722915448248386383e-02
