-1.526162773370742798e-01
1.632763445377349854e-01
5.959856882691383362e-02
-5.407804995775222778e-02
-1.412060111761093140e-01
-3.602951765060424805e-02
-4.502709209918975830e-02
-1.129699423909187317e-01
4.153538495302200317e-02
4.213508218526840210e-03
1.773298680782318115e-01
-9.049608558416366577e-02
-3.324567675590515137e-01
-2.580215968191623688e-02
8.455938100814819336e-02
1.563596129417419434e-01
-4.414108023047447205e-02
-1.421414464712142944e-01
-2.275205850601196289e-01
-1.334677934646606445e-01
-5.795186758041381836e-02
-9.385949932038784027e-03
-3.503696992993354797e-02
1.190054863691329956e-01
-1.385093480348587036e-01
-2.560488581657409668e-01
-6.688339263200759888e-02
-5.295998230576515198e-02
1.073379665613174438e-01
-2.042081207036972046e-01
8.459881879389286041e-03
7.309515774250030518e-02
-1.663126796483993530e-01
-5.004928261041641235e-02
1.530962064862251282e-02
-1.981299743056297302e-02
-1.268268078565597534e-01
-1.683151274919509888e-01
2.514805495738983154e-01
-1.961365342140197754e-05
-1.318214833736419678e-01
1.071065478026866913e-02
8.246230334043502808e-02
2.644408047199249268e-01
2.213415503501892090e-01
-6.119425594806671143e-02
1.255922019481658936e-01
-5.824556201696395874e-02
1.331212222576141357e-01
-2.449856102466583252e-01
-2.799727581441402435e-02
1.618556678295135498e-01
1.027386337518692017e-01
1.098852902650833130e-01
1.305913329124450684e-01
-2.112870067358016968e-01
7.746639847755432129e-02
1.747697591781616211e-01
-2.268821746110916138e-01
1.731278300285339355e-01
6.129565834999084473e-02
-1.286841630935668945e-01
-1.424668431282043457e-01
-8.210650086402893066e-02
1.424793303012847900e-01
6.246221065521240234e-02
-1.062608212232589722e-01
-1.859665811061859131e-01
1.258975416421890259e-01
-1.492906063795089722e-01
-2.697645314037799835e-02
1.797744780778884888e-01
-1.105850636959075928e-01
-1.957308948040008545e-01
-3.226543664932250977e-01
7.210054248571395874e-02
3.042810559272766113e-01
2.053938806056976318e-01
-2.685714662075042725e-01
1.087559945881366730e-02
4.444986209273338318e-02
-4.409077763557434082e-02
4.942954331636428833e-02
6.146132946014404297e-02
-1.480314135551452637e-01
-1.359850168228149414e-01
-1.006748527288436890e-01
3.163374960422515869e-02
2.033010125160217285e-01
5.593551695346832275e-02
9.918107651174068451e-03
2.385063916444778442e-01
1.064665168523788452e-01
-5.732245370745658875e-02
7.104058749973773956e-03
8.043809235095977783e-02
-1.554015129804611206e-01
-1.439005136489868164e-01
-4.355330020189285278e-02
-3.065293096005916595e-02
6.970366090536117554e-02
-1.257692575454711914e-01
-1.508838683366775513e-02
8.230121433734893799e-02
-1.347851157188415527e-01
2.258330881595611572e-01
-9.478976950049400330e-03
1.706878095865249634e-02
-1.343514621257781982e-01
-2.644007094204425812e-02
-8.478391915559768677e-02
5.519222468137741089e-02
1.552911698818206787e-01
-2.691600024700164795e-01
1.351690143346786499e-01
2.181057631969451904e-01
1.030083559453487396e-02
1.026475802063941956e-02
6.927626579999923706e-02
3.553241491317749023e-02
-1.224185898900032043e-02
4.847295954823493958e-02
-7.111527025699615479e-02
-1.212087720632553101e-01
8.119507133960723877e-02
-7.804374396800994873e-02
1.024543028324842453e-02
1.321691926568746567e-02
