-1.704355329275131226e-01
1.304675042629241943e-01
4.710086807608604431e-02
-8.870607614517211914e-02
-1.175045967102050781e-01
1.665131747722625732e-02
-1.890115626156330109e-02
-7.379993051290512085e-02
1.066138818860054016e-01
-9.682322852313518524e-03
1.436775177717208862e-01
-2.422355674207210541e-02
-3.220212161540985107e-01
-4.325456172227859497e-02
5.989766865968704224e-02
1.191212758421897888e-01
-7.299568504095077515e-02
-1.763014793395996094e-01
-2.193599045276641846e-01
-1.123734563589096069e-01
-7.086112350225448608e-02
-1.314017223194241524e-03
-3.385415766388177872e-03
6.256186217069625854e-02
-1.508919298648834229e-01
-2.333784848451614380e-01
-5.875737592577934265e-02
-8.223498612642288208e-02
1.374769210815429688e-01
-2.176054567098617554e-01
4.044374823570251465e-02
5.775203555822372437e-02
-1.958641707897186279e-01
-6.650176644325256348e-02
-2.632723748683929443e-02
4.939229041337966919e-02
-1.155762523412704468e-01
-1.534813195466995239e-01
2.644467949867248535e-01
-3.924687579274177551e-02
-1.678738594055175781e-01
-2.229792997241020203e-02
3.710409253835678101e-02
2.477370202541351318e-01
1.731794476509094238e-01
-4.119274392724037170e-02
1.108445376157760620e-01
-3.252667188644409180e-02
1.388041973114013672e-01
-2.319452464580535889e-01
3.579447418451309204e-02
1.597361415624618530e-01
9.729713946580886841e-02
1.279306262731552124e-01
3.810188174247741699e-02
-2.467995434999465942e-01
5.583048984408378601e-02
1.725951433181762695e-01
-2.196097820997238159e-01
1.548283398151397705e-01
8.341410756111145020e-02
-1.009762734174728394e-01
-1.195789128541946411e-01
-6.736314296722412109e-02
1.469598561525344849e-01
8.649562299251556396e-02
-1.289678066968917847e-01
-2.105691134929656982e-01
1.454892456531524658e-01
-1.460357755422592163e-01
2.156967669725418091e-02
2.050763815641403198e-01
-1.296594738960266113e-01
-1.345470398664474487e-01
-2.895269393920898438e-01
4.195871204137802124e-02
2.759031057357788086e-01
9.143994748592376709e-02
-1.359950751066207886e-01
-4.046305641531944275e-02
-3.645958751440048218e-02
-2.300158515572547913e-02
-5.034825205802917480e-02
4.049766063690185547e-02
-1.708799749612808228e-01
-7.663813978433609009e-02
-5.683255195617675781e-02
5.840814486145973206e-02
2.139346599578857422e-01
7.216428220272064209e-02
-3.838523104786872864e-02
1.740752011537551880e-01
8.625052869319915771e-02
-5.105777457356452942e-02
-8.422505110502243042e-03
1.298542767763137817e-01
-9.204046428203582764e-02
-1.056535691022872925e-01
3.369887359440326691e-03
6.842933595180511475e-02
7.389266788959503174e-02
-1.743216812610626221e-01
-1.846060529351234436e-02
8.652690052986145020e-02
-1.158474236726760864e-01
2.439500242471694946e-01
-2.350607188418507576e-03
7.893350720405578613e-02
-8.318310976028442383e-02
-2.138558775186538696e-02
-1.109177917242050171e-01
3.648749738931655884e-02
2.142512500286102295e-01
-2.753792703151702881e-01
2.029689848423004150e-01
2.305565029382705688e-01
7.806741632521152496e-03
1.959317363798618317e-02
7.973270863294601440e-02
7.352627813816070557e-02
-2.840535342693328857e-02
5.002889782190322876e-02
-1.412455290555953979e-01
-1.112859696149826050e-01
6.648237258195877075e-02
-7.745879143476486206e-02
3.639897704124450684e-02
6.438464671373367310e-02
