-1.792533099651336670e-01
8.071953803300857544e-02
3.531237691640853882e-02
-1.132165268063545227e-01
-1.173863038420677185e-01
-8.646400645375251770e-03
2.801936119794845581e-03
-7.803890109062194824e-02
9.273897856473922729e-02
-6.293389946222305298e-03
1.594061702489852905e-01
-1.179720554500818253e-02
-3.607521653175354004e-01
-3.029095195233821869e-02
6.193602085113525391e-02
1.125593930482864380e-01
-7.108408957719802856e-02
-1.529922634363174438e-01
-2.386291325092315674e-01
-1.178089901804924011e-01
-7.279339432716369629e-02
-2.086351998150348663e-02
2.614050172269344330e-03
6.368845701217651367e-02
-1.808602213859558105e-01
-1.962542831897735596e-01
-5.579860508441925049e-02
-6.585576385259628296e-02
1.065335124731063843e-01
-1.809342503547668457e-01
1.305199600756168365e-02
1.862958073616027832e-02
-2.063004523515701294e-01
-8.101780712604522705e-02
2.639544196426868439e-03
7.139917463064193726e-02
-9.852984547615051270e-02
-1.332532763481140137e-01
2.651331424713134766e-01
-3.435857594013214111e-02
-1.655300855636596680e-01
-1.931240782141685486e-02
5.960636585950851440e-02
2.216042280197143555e-01
1.763261258602142334e-01
-2.358328364789485931e-02
1.047905460000038147e-01
-3.992315754294395447e-02
1.434277594089508057e-01
-2.418069392442703247e-01
3.606919944286346436e-02
1.384268105030059814e-01
9.703381359577178955e-02
1.142662912607192993e-01
4.876116290688514709e-02
-2.772929668426513672e-01
3.863301128149032593e-02
2.065740823745727539e-01
-1.742908805608749390e-01
1.465286910533905029e-01
5.627415701746940613e-02
-9.679929912090301514e-02
-1.051596403121948242e-01
-7.959539443254470825e-02
1.461200416088104248e-01
5.944859981536865234e-02
-1.434417217969894409e-01
-1.987664699554443359e-01
1.477340310811996460e-01
-1.364977210760116577e-01
2.830103784799575806e-02
1.978523582220077515e-01
-1.352088153362274170e-01
-1.286134123802185059e-01
-2.948549389839172363e-01
3.160719200968742371e-02
2.799939811229705811e-01
8.556287735700607300e-02
-1.535204946994781494e-01
-5.370597541332244873e-02
-6.706476211547851562e-02
-1.978370547294616699e-02
-4.443842917680740356e-02
9.269940666854381561e-03
-1.317518502473831177e-01
-6.208610162138938904e-02
-7.593059539794921875e-02
4.252362996339797974e-02
2.332742214202880859e-01
4.072477668523788452e-02
-1.220571459271013737e-03
1.747382730245590210e-01
8.748987317085266113e-02
-3.182147815823554993e-02
-1.064566802233457565e-02
1.233094260096549988e-01
-1.357023268938064575e-01
-1.063978001475334167e-01
-2.772731706500053406e-03
5.699389055371284485e-02
7.440942525863647461e-02
-1.823595762252807617e-01
1.664666831493377686e-02
8.943597227334976196e-02
-1.397723555564880371e-01
2.104812860488891602e-01
-5.679388530552387238e-03
5.999332666397094727e-02
-8.436154574155807495e-02
-7.081116549670696259e-03
-9.312756359577178955e-02
1.236388273537158966e-02
2.009458839893341064e-01
-2.795928120613098145e-01
2.129764854907989502e-01
2.621024250984191895e-01
-1.140290964394807816e-02
9.666424244642257690e-03
6.802945584058761597e-02
5.491992086172103882e-02
-3.223243355751037598e-02
9.642539173364639282e-02
-1.255033612251281738e-01
-1.097536087036132812e-01
3.529836982488632202e-02
-8.433584868907928467e-02
5.400032177567481995e-02
6.071910262107849121e-02
