-1.352975368499755859e-01
1.633728146553039551e-01
8.643988519906997681e-02
-5.352361127734184265e-02
-8.134362101554870605e-02
-5.682675912976264954e-02
7.183494977653026581e-03
-9.930118918418884277e-02
8.716136962175369263e-02
-1.218912191689014435e-03
1.740861535072326660e-01
-3.965786844491958618e-02
-2.977286577224731445e-01
-1.224804390221834183e-02
5.541697517037391663e-02
1.510706990957260132e-01
-9.823358058929443359e-02
-1.329377591609954834e-01
-2.607339918613433838e-01
-5.783889070153236389e-02
-8.894251286983489990e-02
1.161035802215337753e-02
-7.185987196862697601e-03
4.618870466947555542e-02
-1.152347177267074585e-01
-2.524504959583282471e-01
-4.907654598355293274e-02
-4.375628381967544556e-02
2.671432122588157654e-02
-1.361065357923507690e-01
4.502556473016738892e-02
5.870399624109268188e-02
-1.957263946533203125e-01
-5.705159157514572144e-02
2.857418544590473175e-02
8.806291967630386353e-03
-1.590934097766876221e-01
-9.442997723817825317e-02
2.519482374191284180e-01
4.841899499297142029e-03
-2.037805318832397461e-01
-1.842534169554710388e-02
1.012087613344192505e-01
2.458168864250183105e-01
2.321943789720535278e-01
-4.228387400507926941e-02
9.574209898710250854e-02
-7.741767168045043945e-02
1.495332717895507812e-01
-2.158022522926330566e-01
-2.497447282075881958e-02
1.379626244306564331e-01
1.667914837598800659e-01
1.050925999879837036e-01
1.245617419481277466e-01
-1.860319972038269043e-01
6.755480170249938965e-02
1.278480589389801025e-01
-1.993879675865173340e-01
1.011449024081230164e-01
1.178339421749114990e-01
-1.145859882235527039e-01
-1.051314622163772583e-01
-7.105918973684310913e-02
1.374773830175399780e-01
4.996061325073242188e-02
-1.215263009071350098e-01
-1.915190368890762329e-01
1.410521566867828369e-01
-1.554987132549285889e-01
-3.540275618433952332e-02
1.891876608133316040e-01
-8.539745211601257324e-02
-1.846669912338256836e-01
-3.393578529357910156e-01
-1.240151375532150269e-02
2.922083735466003418e-01
1.110731139779090881e-01
-1.899818032979965210e-01
-4.330388084053993225e-02
1.682829856872558594e-02
-5.878811329603195190e-02
1.210017246194183826e-03
6.720376014709472656e-02
-1.727640479803085327e-01
-4.127787053585052490e-02
-7.751573622226715088e-02
3.142425790429115295e-02
2.485590130090713501e-01
4.119515419006347656e-02
-3.672886639833450317e-02
1.435814648866653442e-01
5.690060555934906006e-02
-6.649064272642135620e-02
-1.742044091224670410e-02
3.141444921493530273e-02
-1.043409854173660278e-01
-8.175253123044967651e-02
-1.031983718276023865e-01
3.111577592790126801e-02
1.132423058152198792e-03
-1.230973228812217712e-01
-3.895930945873260498e-02
5.934407934546470642e-02
-1.143974810838699341e-01
2.177659571170806885e-01
3.174354555085301399e-03
1.806538552045822144e-02
-1.492697000503540039e-01
-3.756383806467056274e-02
-1.344368457794189453e-01
7.384832203388214111e-02
1.714103072881698608e-01
-2.360245585441589355e-01
1.956799179315567017e-01
1.707371920347213745e-01
-1.183089893311262131e-02
-2.122159115970134735e-02
7.640014588832855225e-02
2.005762606859207153e-02
-4.594426974654197693e-02
6.827396899461746216e-02
-1.233096942305564880e-01
-1.330867558717727661e-01
8.071463555097579956e-02
-8.710552006959915161e-02
1.176762729883193970e-01
4.437910392880439758e-03
