-4.545022174715995789e-02
1.034186929464340210e-01
8.081564679741859436e-03
-5.137238278985023499e-02
-1.152582019567489624e-01
4.315204918384552002e-02
-8.945027738809585571e-02
-3.739023953676223755e-02
2.182433158159255981e-01
-1.055664196610450745e-01
1.718098968267440796e-01
-8.407163619995117188e-02
-3.296687602996826172e-01
5.607471615076065063e-02
-6.955128908157348633e-02
2.124509811401367188e-01
-8.856656402349472046e-02
-2.320511788129806519e-01
-1.322122570127248764e-02
-2.431719377636909485e-02
1.386365620419383049e-04
2.327057532966136932e-02
-3.694250434637069702e-02
1.076084598898887634e-01
-1.393171399831771851e-01
-3.912659585475921631e-01
5.473647266626358032e-03
-4.278056323528289795e-02
-1.071921437978744507e-01
-1.235009431838989258e-01
6.948773562908172607e-02
1.361868679523468018e-01
-2.190199494361877441e-01
4.417454451322555542e-02
6.765969097614288330e-02
2.034951001405715942e-01
-4.361514747142791748e-02
-1.424508988857269287e-01
1.818785816431045532e-01
1.287782937288284302e-01
-3.107048869132995605e-01
-8.150186389684677124e-02
6.555055081844329834e-02
2.933708131313323975e-01
1.197395548224449158e-01
-1.332222018390893936e-02
6.620328873395919800e-03
-1.039126068353652954e-01
1.435678452253341675e-01
-3.593298494815826416e-01
3.258435428142547607e-02
2.144815027713775635e-01
-2.685292065143585205e-02
6.480239331722259521e-02
8.663305640220642090e-02
-1.929068714380264282e-01
9.550340473651885986e-02
1.563774794340133667e-01
-1.728945374488830566e-01
1.030376832932233810e-02
7.593478262424468994e-02
3.464832901954650879e-03
-4.994368180632591248e-03
-8.938856422901153564e-02
2.577836513519287109e-01
1.111778765916824341e-01
-1.092028915882110596e-01
-1.033358201384544373e-01
1.958505809307098389e-01
-1.329333335161209106e-01
-6.822873651981353760e-02
1.598219722509384155e-01
-9.398954361677169800e-02
-2.629078626632690430e-01
-2.498158961534500122e-01
5.293736606836318970e-02
3.618427515029907227e-01
1.544200628995895386e-01
-1.073349714279174805e-01
6.588865816593170166e-02
2.083963900804519653e-02
1.674905046820640564e-02
3.127714991569519043e-02
1.351711601018905640e-01
-1.712819561362266541e-02
2.779755368828773499e-02
-9.571602195501327515e-02
3.840788267552852631e-03
3.010464012622833252e-01
5.572864040732383728e-02
3.153640776872634888e-03
2.797892689704895020e-01
-6.223373487591743469e-02
-2.437482029199600220e-02
4.275003820657730103e-02
9.851057827472686768e-02
-1.132066622376441956e-01
-2.635257691144943237e-02
-2.048312872648239136e-01
-1.291258484125137329e-01
7.537432760000228882e-02
-5.095861852169036865e-02
-5.764110013842582703e-02
1.352991461753845215e-01
-2.772121131420135498e-01
7.956179231405258179e-02
-5.429349467158317566e-02
-4.050586372613906860e-02
4.034774750471115112e-02
1.737942546606063843e-02
-6.013411656022071838e-02
-1.429231651127338409e-02
1.787585020065307617e-01
-2.630877494812011719e-01
1.814373880624771118e-01
1.223907023668289185e-01
8.484864234924316406e-02
9.515263885259628296e-02
1.150629073381423950e-01
4.277009144425392151e-02
1.577161625027656555e-02
-1.676364988088607788e-01
-1.970403045415878296e-01
-9.903565049171447754e-02
2.017387002706527710e-02
-1.415698323398828506e-02
-5.933370441198348999e-02
-1.988635212182998657e-02
