-8.172065019607543945e-02
1.267340034246444702e-01
1.360609382390975952e-02
-6.425114721059799194e-02
-1.234572455286979675e-01
4.976299032568931580e-02
-4.842849448323249817e-02
-4.546499624848365784e-02
2.535677254199981689e-01
-8.073094487190246582e-02
1.788145303726196289e-01
-6.405911594629287720e-02
-3.771557807922363281e-01
5.441560968756675720e-02
-1.607985049486160278e-02
2.344421297311782837e-01
-1.364539265632629395e-01
-2.024084478616714478e-01
1.994628272950649261e-02
-1.978377997875213623e-02
-7.930647581815719604e-03
5.099404603242874146e-02
-1.506205927580595016e-02
7.194938510656356812e-02
-1.732185631990432739e-01
-3.882025778293609619e-01
-2.809754759073257446e-02
-2.598601393401622772e-03
-9.935384243726730347e-02
-7.148549705743789673e-02
1.591823622584342957e-02
1.382641643285751343e-01
-1.940047144889831543e-01
3.135821223258972168e-02
1.277042627334594727e-01
2.064304202795028687e-01
-4.541592672467231750e-02
-1.153789609670639038e-01
1.647621691226959229e-01
5.862352997064590454e-02
-2.648227810859680176e-01
-7.209228724241256714e-02
1.136550083756446838e-01
2.407706081867218018e-01
1.051779240369796753e-01
8.724298328161239624e-03
7.912279106676578522e-03
-9.524401277303695679e-02
5.904905870556831360e-02
-3.536031246185302734e-01
4.672631248831748962e-02
1.719241887331008911e-01
4.416747763752937317e-02
4.457525908946990967e-02
1.067433655261993408e-01
-2.128956466913223267e-01
4.958919808268547058e-02
1.759061515331268311e-01
-1.613791584968566895e-01
-2.515900135040283203e-02
6.969060003757476807e-02
-3.037452697753906250e-03
-8.798370137810707092e-03
-5.818174034357070923e-02
2.355665564537048340e-01
1.059838086366653442e-01
-1.057867184281349182e-01
-8.553564548492431641e-02
1.862726509571075439e-01
-1.407176256179809570e-01
-7.291435450315475464e-02
1.173876374959945679e-01
-4.194745421409606934e-02
-2.785004377365112305e-01
-2.346188873052597046e-01
-1.269290223717689514e-02
3.042421340942382812e-01
1.962269991636276245e-01
-1.681780517101287842e-01
7.616890221834182739e-02
3.507877513766288757e-02
2.408773079514503479e-02
2.743519656360149384e-02
7.812689989805221558e-02
-5.555205792188644409e-02
3.856485337018966675e-02
-1.346038132905960083e-01
-1.716922968626022339e-03
3.019852042198181152e-01
3.865119814872741699e-02
4.317076131701469421e-02
3.114336729049682617e-01
1.516002137213945389e-02
6.832342594861984253e-03
4.297209158539772034e-02
5.013988912105560303e-02
-4.981658607721328735e-02
-7.286738604307174683e-02
-2.071884721517562866e-01
-1.407959461212158203e-01
5.983137339353561401e-02
-4.192450642585754395e-02
-6.321962922811508179e-02
1.557930707931518555e-01
-3.400427997112274170e-01
1.091007366776466370e-01
-2.681645378470420837e-02
-6.909244507551193237e-02
1.099990587681531906e-02
2.009090036153793335e-02
-5.020968616008758545e-03
1.284804940223693848e-02
1.678456068038940430e-01
-3.137002587318420410e-01
1.276003569364547729e-01
1.570705771446228027e-01
-4.580062348395586014e-03
1.425817459821701050e-01
4.999925196170806885e-02
1.546792685985565186e-02
2.808602899312973022e-02
-1.851675212383270264e-01
-1.861756443977355957e-01
-1.263546496629714966e-01
3.177672252058982849e-02
-7.516627758741378784e-02
-1.027407962828874588e-02
2.925000339746475220e-02
