-1.434420049190521240e-01
9.042708575725555420e-02
7.513591647148132324e-02
-3.819524124264717102e-02
-1.579929888248443604e-01
7.842750102281570435e-02
-7.287266105413436890e-02
-5.363054201006889343e-02
1.923475563526153564e-01
-1.066311672329902649e-01
1.374428421258926392e-01
-5.016475543379783630e-02
-3.502380549907684326e-01
7.542221248149871826e-02
-8.496788144111633301e-02
2.208994776010513306e-01
-7.604599744081497192e-02
-2.041649222373962402e-01
2.386754751205444336e-02
-4.764983803033828735e-02
-3.616573289036750793e-02
9.642335027456283569e-02
-2.048319391906261444e-02
5.435290560126304626e-02
-1.331700384616851807e-01
-3.747733235359191895e-01
-1.575870253145694733e-02
-2.597531862556934357e-02
-1.635717004537582397e-01
-1.380441486835479736e-01
3.497672080993652344e-02
1.240161284804344177e-01
-1.535607725381851196e-01
4.476327449083328247e-02
7.889467477798461914e-02
2.036421447992324829e-01
-2.335243485867977142e-02
-1.096207350492477417e-01
1.743866503238677979e-01
1.082782000303268433e-01
-2.868781089782714844e-01
-7.319791615009307861e-02
7.573211193084716797e-02
3.175250589847564697e-01
1.377574354410171509e-01
-1.980674825608730316e-02
-2.216937579214572906e-02
-8.178461343050003052e-02
9.822494536638259888e-02
-3.688711822032928467e-01
1.519184559583663940e-03
1.632348001003265381e-01
2.919137477874755859e-02
-3.190481569617986679e-03
6.066962704062461853e-02
-1.955507695674896240e-01
1.707597449421882629e-02
1.575274318456649780e-01
-1.387719959020614624e-01
-4.180421587079763412e-03
6.408453732728958130e-02
-2.884456142783164978e-02
1.371460035443305969e-02
-7.024786621332168579e-02
2.393084764480590820e-01
1.192675381898880005e-01
-1.193139031529426575e-01
-6.182198598980903625e-02
1.883416920900344849e-01
-9.975403547286987305e-02
-6.309866905212402344e-02
1.181719899177551270e-01
-9.939629584550857544e-02
-2.833999991416931152e-01
-2.011247873306274414e-01
2.316991239786148071e-02
3.872939050197601318e-01
1.575653254985809326e-01
-1.313147395849227905e-01
2.954922616481781006e-02
-2.680347114801406860e-02
5.885241925716400146e-02
1.363841537386178970e-02
8.599815517663955688e-02
-4.468350112438201904e-02
1.907300017774105072e-02
-7.735747843980789185e-02
1.636052876710891724e-02
3.000931441783905029e-01
4.534461349248886108e-02
-2.836822345852851868e-02
2.371057569980621338e-01
-2.123789675533771515e-02
2.803664654493331909e-03
5.168394371867179871e-02
7.346447557210922241e-02
-4.628778249025344849e-02
-2.776640281081199646e-02
-2.192515879869461060e-01
-1.220735907554626465e-01
3.308184444904327393e-02
-8.636443316936492920e-02
4.529919475317001343e-03
1.505885422229766846e-01
-3.227435350418090820e-01
1.244930103421211243e-01
-1.740610785782337189e-02
-6.224252283573150635e-02
2.379847504198551178e-02
2.387305721640586853e-02
-5.150713026523590088e-02
7.074810564517974854e-02
2.227602303028106689e-01
-2.836137413978576660e-01
1.683283299207687378e-01
1.678844839334487915e-01
1.777397096157073975e-02
1.636687219142913818e-01
9.892661869525909424e-02
1.690222695469856262e-02
7.249808404594659805e-03
-1.504866778850555420e-01
-1.558715701103210449e-01
-1.168619841337203979e-01
4.772774502635002136e-02
-3.826858848333358765e-02
3.284117206931114197e-02
2.420713379979133606e-02
