-1.312246024608612061e-01
1.034879684448242188e-01
9.535475075244903564e-02
-1.066680029034614563e-01
-1.138910502195358276e-01
5.943698063492774963e-02
-4.732834547758102417e-02
-6.443712115287780762e-02
1.873679310083389282e-01
-4.243559017777442932e-02
1.146860793232917786e-01
-7.325525581836700439e-02
-3.628265559673309326e-01
8.183101192116737366e-03
-7.475231587886810303e-02
2.332884222269058228e-01
-1.916065514087677002e-01
-2.321008741855621338e-01
8.316441439092159271e-03
-4.938430339097976685e-02
-4.283337295055389404e-02
5.094968527555465698e-02
1.864941976964473724e-02
7.543498277664184570e-02
-1.437616348266601562e-01
-3.717241585254669189e-01
-4.698426276445388794e-02
-3.849904611706733704e-02
-9.021913260221481323e-02
-3.068905696272850037e-02
2.542312443256378174e-02
1.224689930677413940e-01
-1.674794703722000122e-01
2.016127109527587891e-05
1.043128222227096558e-01
1.820098161697387695e-01
-4.654367640614509583e-02
-1.108620986342430115e-01
1.519846618175506592e-01
1.150824204087257385e-01
-2.125880420207977295e-01
-5.181334912776947021e-02
1.351022124290466309e-01
2.794731855392456055e-01
1.749026626348495483e-01
7.764688879251480103e-02
-2.044608816504478455e-02
-6.566156446933746338e-02
9.998248517513275146e-02
-3.648484051227569580e-01
1.351380534470081329e-02
2.054770737886428833e-01
4.527425765991210938e-02
3.146136552095413208e-02
1.014235913753509521e-01
-2.243522405624389648e-01
7.116851210594177246e-02
1.511198729276657104e-01
-2.096507251262664795e-01
4.621643200516700745e-02
1.789179816842079163e-02
-5.906966328620910645e-02
1.126552466303110123e-02
-6.474060565233230591e-02
1.827075630426406860e-01
1.194288134574890137e-01
-9.644412249326705933e-02
-9.139157831668853760e-02
2.126859724521636963e-01
-1.047880947589874268e-01
-5.338425561785697937e-02
9.006438404321670532e-02
-7.982075214385986328e-02
-2.339845299720764160e-01
-1.827588826417922974e-01
-3.027909062802791595e-02
3.520332574844360352e-01
1.958935856819152832e-01
-1.285188943147659302e-01
5.587303638458251953e-02
2.195031382143497467e-03
-1.566872000694274902e-03
-2.224855497479438782e-02
8.443517237901687622e-02
-1.043179929256439209e-01
1.414919458329677582e-02
-1.269644200801849365e-01
-4.319098964333534241e-02
1.988917589187622070e-01
4.175809770822525024e-02
2.572382614016532898e-02
2.900342047214508057e-01
-1.013943273574113846e-02
1.479960046708583832e-02
7.270239293575286865e-02
3.469670563936233521e-02
-1.306568235158920288e-01
1.440823543816804886e-03
-2.383310198783874512e-01
-1.886006891727447510e-01
3.340892121195793152e-02
-7.784937322139739990e-02
1.883580163121223450e-02
7.363852858543395996e-02
-2.584565877914428711e-01
1.089949905872344971e-01
-1.837072148919105530e-02
-5.270262062549591064e-02
-4.337615892291069031e-02
-1.275178045034408569e-02
-3.456772118806838989e-02
5.784406885504722595e-02
2.145740389823913574e-01
-2.527826130390167236e-01
1.465704292058944702e-01
1.998817324638366699e-01
3.015229478478431702e-03
1.550779044628143311e-01
1.320194154977798462e-01
2.553667128086090088e-02
5.773955024778842926e-03
-1.389386355876922607e-01
-1.040229797363281250e-01
-1.189439296722412109e-01
3.078971058130264282e-02
-7.831715047359466553e-02
5.222026258707046509e-02
5.262235552072525024e-02
