-1.398685723543167114e-01
1.593519747257232666e-01
3.903941065073013306e-02
-2.361609414219856262e-02
-1.040884330868721008e-01
3.701932728290557861e-02
-3.154790773987770081e-02
-8.870381861925125122e-02
1.838199347257614136e-01
-4.900576919317245483e-02
1.535844206809997559e-01
-5.423385649919509888e-02
-3.353383839130401611e-01
2.282538264989852905e-02
-4.435731843113899231e-02
2.507097125053405762e-01
-1.103524044156074524e-01
-2.127311974763870239e-01
-3.873109444975852966e-02
-5.825833417475223541e-03
1.882035844027996063e-02
4.822734370827674866e-02
-7.732269819825887680e-03
7.056968659162521362e-02
-1.398686319589614868e-01
-4.018709361553192139e-01
-3.483929485082626343e-02
-2.875165082514286041e-03
-8.672586828470230103e-02
1.126690488308668137e-02
-1.223461702466011047e-03
1.479787975549697876e-01
-1.571908742189407349e-01
4.205181449651718140e-02
8.506622910499572754e-02
1.636056900024414062e-01
-6.612281501293182373e-02
-1.118584275245666504e-01
2.219624817371368408e-01
1.263212412595748901e-01
-2.743904292583465576e-01
-5.715955793857574463e-02
9.861860424280166626e-02
2.889084517955780029e-01
1.707924604415893555e-01
-2.409558929502964020e-02
1.846170052886009216e-02
-2.749152854084968567e-02
4.669152945280075073e-02
-4.008336067199707031e-01
3.084471076726913452e-02
2.059577554464340210e-01
-8.120970800518989563e-03
7.830819487571716309e-02
1.192601919174194336e-01
-1.961540877819061279e-01
1.348287705332040787e-02
1.379358172416687012e-01
-2.016509473323822021e-01
-6.460352800786495209e-03
3.309600427746772766e-02
-7.440280169248580933e-02
-6.727442145347595215e-02
-1.357131004333496094e-01
1.851986199617385864e-01
1.719826459884643555e-01
-1.202887371182441711e-01
-5.827714875340461731e-02
2.215452790260314941e-01
-1.030658856034278870e-01
-4.685430601239204407e-02
9.155622869729995728e-02
-8.840925991535186768e-02
-2.742149531841278076e-01
-2.473827153444290161e-01
5.100902169942855835e-02
3.659019172191619873e-01
2.308461666107177734e-01
-1.589336991310119629e-01
1.354254037141799927e-02
3.961946070194244385e-02
7.564457133412361145e-03
4.709626734256744385e-02
5.136114731431007385e-02
-2.523137256503105164e-02
-1.594484783709049225e-02
-1.108971908688545227e-01
-7.195076905190944672e-03
2.233157753944396973e-01
4.877109825611114502e-02
-1.338433194905519485e-02
3.067843914031982422e-01
4.570570774376392365e-03
-2.355504781007766724e-02
4.276797175407409668e-02
1.248359307646751404e-01
-3.932050988078117371e-02
-7.635430991649627686e-02
-2.469418644905090332e-01
-1.091909781098365784e-01
5.510983616113662720e-02
-9.130387753248214722e-02
-3.580515459179878235e-02
1.051009595394134521e-01
-2.415648847818374634e-01
1.003482937812805176e-01
9.260404855012893677e-03
-4.384223371744155884e-02
-3.272927179932594299e-02
-1.197850517928600311e-02
-8.360502123832702637e-02
6.586010009050369263e-02
1.672711670398712158e-01
-2.356916218996047974e-01
1.668680012226104736e-01
1.575056910514831543e-01
-2.893049456179141998e-02
1.443436443805694580e-01
9.409231692552566528e-02
2.106441557407379150e-02
-9.487422183156013489e-03
-1.854612231254577637e-01
-1.411301046609878540e-01
-1.631515324115753174e-01
5.497904121875762939e-02
-5.930203944444656372e-03
-1.335298456251621246e-02
5.396593362092971802e-02
