-6.403000652790069580e-02
9.823980927467346191e-02
2.417474985122680664e-02
-1.196842715144157410e-01
-8.876573294401168823e-02
1.577735878527164459e-02
-8.188132941722869873e-02
-1.858033537864685059e-01
2.488868683576583862e-01
-1.949793994426727295e-01
2.063858062028884888e-01
1.216776110231876373e-02
-2.486155629158020020e-01
6.915531307458877563e-02
-8.016878366470336914e-02
1.351919770240783691e-01
-1.882647722959518433e-01
-4.260061308741569519e-02
-5.081804096698760986e-02
-5.718684196472167969e-02
1.481580436229705811e-01
8.181799948215484619e-02
1.033827438950538635e-01
1.347469985485076904e-01
-7.746517658233642578e-02
-3.273645639419555664e-01
-4.552030935883522034e-02
-5.034818500280380249e-02
2.755522169172763824e-02
-5.321472510695457458e-02
5.274927988648414612e-02
1.847382634878158569e-02
-1.913806200027465820e-01
6.447206437587738037e-02
-3.839701414108276367e-03
5.712082982063293457e-02
-2.311254292726516724e-02
-9.543696790933609009e-02
1.540582180023193359e-01
-4.612228646874427795e-02
-2.896168231964111328e-01
-6.664168834686279297e-02
3.796524554491043091e-02
1.703055500984191895e-01
1.854985654354095459e-01
3.322274237871170044e-02
-1.073867268860340118e-02
-1.370927244424819946e-01
7.930164784193038940e-02
-2.685824036598205566e-01
4.185626283288002014e-02
1.211000606417655945e-01
-3.256145119667053223e-02
-4.517152905464172363e-03
5.955251306295394897e-02
-2.450191527605056763e-01
1.562361046671867371e-02
9.514982998371124268e-02
-1.660634577274322510e-01
-4.469741135835647583e-03
9.632019698619842529e-02
-9.058226644992828369e-02
-9.256819263100624084e-03
-3.245017677545547485e-02
2.524233162403106689e-01
1.163722276687622070e-01
-2.028863131999969482e-01
-1.333458572626113892e-01
8.892768621444702148e-02
-2.088206559419631958e-01
1.266427990049123764e-02
1.312893331050872803e-01
-1.349001079797744751e-01
-2.497500479221343994e-01
-2.425615936517715454e-01
1.003392040729522705e-02
4.517626762390136719e-01
1.882678568363189697e-01
-1.207148581743240356e-01
3.769313544034957886e-02
-6.166995689272880554e-02
6.439124047756195068e-02
1.130387410521507263e-01
2.027273178100585938e-01
6.623007357120513916e-05
1.847167871892452240e-02
-7.075684517621994019e-02
5.684737116098403931e-02
1.082017794251441956e-01
-3.141060099005699158e-02
-8.135195821523666382e-02
3.499869406223297119e-01
-3.608274459838867188e-02
-3.402331843972206116e-03
-2.495189011096954346e-02
1.224035322666168213e-01
-1.751048564910888672e-01
5.743624642491340637e-04
-1.334535181522369385e-01
-3.645021840929985046e-02
3.111263550817966461e-02
6.687159836292266846e-02
2.364537119865417480e-02
1.434773057699203491e-01
-1.717566251754760742e-01
1.665233224630355835e-01
-8.707743138074874878e-02
-3.565138950943946838e-02
7.391835749149322510e-02
-1.028202567249536514e-02
-7.481815665960311890e-02
-1.011951714754104614e-01
1.114322915673255920e-01
-2.588998377323150635e-01
1.415413767099380493e-01
1.378400027751922607e-01
8.899004012346267700e-02
2.255220562219619751e-01
5.301154404878616333e-02
1.231318265199661255e-01
6.204970180988311768e-02
-2.624546363949775696e-02
-1.775854974985122681e-01
-2.068000286817550659e-02
5.566142499446868896e-02
-7.956328988075256348e-02
8.085900545120239258e-02
-6.204977631568908691e-02
