-1.000655442476272583e-01
9.838497638702392578e-02
1.185202151536941528e-01
-1.181072890758514404e-01
-1.020592972636222839e-01
-8.988888934254646301e-03
-2.065072394907474518e-02
-1.705107390880584717e-01
2.311990410089492798e-01
-1.669827550649642944e-01
1.889012753963470459e-01
-4.405739530920982361e-02
-2.338195443153381348e-01
5.021440610289573669e-02
-8.195669203996658325e-02
1.567525118589401245e-01
-1.983128786087036133e-01
-9.891767799854278564e-02
-2.481338381767272949e-02
-1.149183586239814758e-01
1.040331125259399414e-01
3.090105019509792328e-02
6.418094038963317871e-02
1.224701330065727234e-01
-1.396972090005874634e-01
-3.437762558460235596e-01
-2.917288430035114288e-02
-9.613272547721862793e-02
2.396476641297340393e-02
-4.300162941217422485e-02
-9.082396514713764191e-03
6.084718182682991028e-02
-2.231273502111434937e-01
8.244721218943595886e-03
-1.236042007803916931e-02
3.734269738197326660e-02
-6.358973681926727295e-02
-6.888929009437561035e-02
1.483638882637023926e-01
-6.948307156562805176e-02
-2.541244029998779297e-01
-9.901636838912963867e-02
4.682942479848861694e-02
1.863138675689697266e-01
2.203877121210098267e-01
4.526644945144653320e-02
-2.442177012562751770e-02
-1.130802407860755920e-01
2.612666226923465729e-02
-2.729147970676422119e-01
2.675304934382438660e-02
1.147097274661064148e-01
-2.158085629343986511e-02
3.431714326143264771e-02
4.425356164574623108e-02
-2.583499252796173096e-01
9.751273319125175476e-03
6.090684235095977783e-02
-1.481824815273284912e-01
-4.025530070066452026e-02
4.802952334284782410e-02
-1.442109793424606323e-01
-6.458523683249950409e-03
-6.118960306048393250e-02
2.588564455509185791e-01
1.055819392204284668e-01
-1.227053329348564148e-01
-8.814219385385513306e-02
1.388836503028869629e-01
-1.915394812822341919e-01
3.062988072633743286e-02
8.669192343950271606e-02
-1.030546054244041443e-01
-2.042637616395950317e-01
-2.290143817663192749e-01
-4.536537826061248779e-02
4.792969226837158203e-01
2.468597739934921265e-01
-1.521359235048294067e-01
3.891348838806152344e-02
-1.274239718914031982e-01
6.186028569936752319e-02
1.410281062126159668e-01
1.420518755912780762e-01
-2.742753736674785614e-02
4.527502879500389099e-02
-5.347917601466178894e-02
5.207567662000656128e-02
7.015972584486007690e-02
-3.604777902364730835e-02
-6.788362562656402588e-02
2.653637230396270752e-01
-2.370619028806686401e-02
2.119477838277816772e-02
7.446753792464733124e-03
2.576130907982587814e-03
-1.798009276390075684e-01
3.172491490840911865e-02
-1.554482281208038330e-01
-8.625774830579757690e-02
-3.530456125736236572e-02
8.573096245527267456e-02
5.186773091554641724e-02
1.598280072212219238e-01
-2.080251127481460571e-01
1.879340559244155884e-01
-2.279799990355968475e-02
-3.893615305423736572e-02
2.538570389151573181e-02
1.626665517687797546e-02
-1.291999965906143188e-02
-9.066739678382873535e-02
1.109993457794189453e-01
-2.569630146026611328e-01
9.590860456228256226e-02
1.813023835420608521e-01
2.185949683189392090e-02
2.689837217330932617e-01
3.623665496706962585e-02
8.265653252601623535e-02
9.328443557024002075e-03
-4.221632331609725952e-02
-1.975014209747314453e-01
3.689969703555107117e-02
1.006382331252098083e-01
-9.378302097320556641e-02
1.315206289291381836e-01
-1.963280141353607178e-02
