-2.911936305463314056e-02
1.553615182638168335e-01
1.203826144337654114e-01
-1.128410324454307556e-01
-1.673530042171478271e-01
-1.692917943000793457e-02
-6.744848191738128662e-02
-1.543435156345367432e-01
2.118259966373443604e-01
-1.594225466251373291e-01
2.340670228004455566e-01
-2.553637325763702393e-02
-1.854413598775863647e-01
5.028508976101875305e-02
-5.838525015860795975e-03
1.676254272460937500e-01
-1.387852728366851807e-01
-8.988947421312332153e-02
-8.062795549631118774e-02
-5.858748033642768860e-02
7.331188023090362549e-02
8.929277211427688599e-02
7.244669646024703979e-02
1.238226741552352905e-01
-1.590292453765869141e-01
-3.524185717105865479e-01
1.145017240196466446e-02
-5.391885340213775635e-02
2.774827741086483002e-02
-7.242393493652343750e-02
-2.094308286905288696e-02
5.327899381518363953e-02
-2.265087068080902100e-01
3.255897760391235352e-02
5.821931734681129456e-02
9.523651748895645142e-02
-2.805062942206859589e-02
-8.536973595619201660e-02
1.406695693731307983e-01
1.740127801895141602e-02
-3.369741737842559814e-01
2.684778161346912384e-02
2.009058371186256409e-02
1.583381742238998413e-01
2.589146494865417480e-01
1.007759105414152145e-02
3.842600807547569275e-02
-1.826671212911605835e-01
9.317500144243240356e-02
-2.194674760103225708e-01
5.900736898183822632e-02
1.011044979095458984e-01
-1.255441829562187195e-02
-2.407828345894813538e-02
7.495105266571044922e-02
-2.237955480813980103e-01
-1.897449791431427002e-02
1.185988411307334900e-01
-2.211763411760330200e-01
-4.247576370835304260e-02
1.520664989948272705e-01
-6.713633239269256592e-02
-2.696608379483222961e-02
-7.899186015129089355e-02
2.084048241376876831e-01
1.100729405879974365e-01
-1.599900275468826294e-01
-1.346549689769744873e-01
8.327050507068634033e-02
-2.071857452392578125e-01
-4.995036870241165161e-03
1.581346243619918823e-01
-8.052879571914672852e-02
-2.164246439933776855e-01
-2.405452728271484375e-01
2.288366481661796570e-02
4.410213232040405273e-01
2.150103449821472168e-01
-2.228434234857559204e-01
-3.070511296391487122e-02
-5.039749667048454285e-02
6.482249498367309570e-02
1.330288350582122803e-01
1.310377717018127441e-01
-3.832960501313209534e-03
-5.406280979514122009e-03
-5.541451275348663330e-02
2.891530282795429230e-02
1.657019853591918945e-01
5.526316352188587189e-03
-2.494178712368011475e-02
3.131604194641113281e-01
-1.668662391602993011e-02
-4.086503386497497559e-02
-2.329264953732490540e-02
6.571973860263824463e-02
-2.051520049571990967e-01
9.017995558679103851e-03
-1.533353626728057861e-01
-9.235927462577819824e-02
-5.751299113035202026e-02
4.231519252061843872e-02
-2.922067884355783463e-03
1.334569305181503296e-01
-2.650923728942871094e-01
1.884603947401046753e-01
-9.255044162273406982e-02
-8.579014241695404053e-02
4.944520071148872375e-03
-2.043113484978675842e-02
-3.721191734075546265e-02
-5.568521842360496521e-02
1.211798191070556641e-01
-2.797642648220062256e-01
1.333072334527969360e-01
1.524352133274078369e-01
6.535729765892028809e-02
2.120033651590347290e-01
7.245177775621414185e-02
7.013247907161712646e-02
3.862285614013671875e-02
-5.892357230186462402e-02
-1.453509330749511719e-01
-4.170707985758781433e-02
8.369649946689605713e-02
-1.160023361444473267e-01
1.460977345705032349e-01
-6.375040858983993530e-02
