-1.091627255082130432e-01
1.145969480276107788e-01
5.734603479504585266e-02
-1.187801733613014221e-01
-1.444969624280929565e-01
4.399830847978591919e-02
-6.473332643508911133e-02
-1.503553390502929688e-01
2.133559882640838623e-01
-1.999874264001846313e-01
2.121442407369613647e-01
1.600403524935245514e-02
-1.642372459173202515e-01
4.805121943354606628e-02
-7.555836439132690430e-02
2.076216340065002441e-01
-2.731779515743255615e-01
-1.290012300014495850e-01
8.454471826553344727e-04
-3.652106225490570068e-02
7.527233660221099854e-02
5.821364372968673706e-02
9.299505501985549927e-02
9.970590472221374512e-02
-1.504808366298675537e-01
-3.571949601173400879e-01
-8.749362081289291382e-02
-1.324508190155029297e-01
3.417284786701202393e-02
-5.395719781517982483e-02
2.956315875053405762e-04
-4.160998761653900146e-02
-1.842668950557708740e-01
1.056575253605842590e-01
-8.939068764448165894e-03
7.517269998788833618e-02
-1.389010809361934662e-02
-6.451421976089477539e-02
1.155632734298706055e-01
-1.974830403923988342e-02
-3.199648261070251465e-01
-3.489581495523452759e-02
7.915026694536209106e-02
1.657758206129074097e-01
2.183642089366912842e-01
2.443306334316730499e-02
-5.793284624814987183e-03
-1.506660878658294678e-01
7.942767441272735596e-02
-2.228480428457260132e-01
8.640347421169281006e-02
8.461656421422958374e-02
1.772762089967727661e-02
2.008583769202232361e-02
6.426386535167694092e-02
-1.658914387226104736e-01
6.720600649714469910e-03
1.239679232239723206e-01
-9.753468632698059082e-02
1.539216935634613037e-02
9.238463640213012695e-02
-1.784234307706356049e-02
2.184946276247501373e-02
-3.079584240913391113e-02
2.429606616497039795e-01
1.092561483383178711e-01
-1.722469627857208252e-01
-1.408566087484359741e-01
9.680747985839843750e-02
-1.975077986717224121e-01
-7.164614647626876831e-02
1.057196334004402161e-01
-1.237285807728767395e-01
-2.387749552726745605e-01
-2.673931717872619629e-01
-1.262847520411014557e-02
4.771486520767211914e-01
1.904690861701965332e-01
-1.664779484272003174e-01
9.368584491312503815e-03
-3.011666797101497650e-02
2.905003353953361511e-02
1.421726644039154053e-01
2.414455115795135498e-01
-8.531918749213218689e-03
-5.175811238586902618e-03
-1.085212454199790955e-01
2.108414471149444580e-02
1.723079979419708252e-01
-6.404932588338851929e-02
-3.064500167965888977e-02
2.614266872406005859e-01
-5.666952580213546753e-02
5.744338035583496094e-02
-3.873248770833015442e-02
1.171232238411903381e-01
-1.667238473892211914e-01
4.133365303277969360e-02
-1.198751553893089294e-01
-8.530653268098831177e-02
-2.205480076372623444e-02
8.738374710083007812e-02
-6.566490232944488525e-02
1.521905064582824707e-01
-1.603575199842453003e-01
1.631968170404434204e-01
-5.313519760966300964e-02
-5.319482833147048950e-02
2.296390011906623840e-02
4.006236419081687927e-02
-2.588365785777568817e-02
-9.045558422803878784e-02
1.161872297525405884e-01
-2.056686282157897949e-01
1.517420262098312378e-01
1.994233429431915283e-01
7.641252595931291580e-04
1.949374675750732422e-01
8.654192090034484863e-02
1.111594662070274353e-01
7.230722811073064804e-03
-3.287798911333084106e-02
-2.166501879692077637e-01
7.765669375658035278e-03
6.360236555337905884e-02
-1.408434212207794189e-01
7.640574872493743896e-02
-4.897645488381385803e-02
