-1.110152229666709900e-01
4.367260262370109558e-02
1.791418045759201050e-01
-9.605693630874156952e-04
1.503553055226802826e-02
-1.012495607137680054e-01
-1.216334663331508636e-02
-5.483898147940635681e-02
1.082504689693450928e-01
-9.098149836063385010e-02
2.856210768222808838e-01
-1.013643480837345123e-02
-2.328821122646331787e-01
-1.721138507127761841e-01
1.392304003238677979e-01
3.461993113160133362e-02
-1.647099107503890991e-01
-1.423455774784088135e-01
-1.346549391746520996e-01
-1.365356743335723877e-01
-4.631924629211425781e-02
3.206241130828857422e-02
1.086599156260490417e-01
-4.788450151681900024e-02
-1.695617735385894775e-01
-2.876264750957489014e-01
-1.013608351349830627e-01
-1.610684990882873535e-01
1.213259026408195496e-01
-1.244132071733474731e-01
1.278063207864761353e-01
7.063932716846466064e-02
-2.278075218200683594e-01
-3.206381201744079590e-02
-8.900250494480133057e-02
5.627251416444778442e-02
1.032644212245941162e-01
-9.902141988277435303e-03
1.866556257009506226e-01
-5.391623079776763916e-02
-1.331408023834228516e-01
-1.193151623010635376e-01
-7.920619845390319824e-02
2.462041378021240234e-01
1.989791989326477051e-01
1.301893033087253571e-02
-3.894364088773727417e-02
5.181838572025299072e-02
6.735549122095108032e-02
-2.902874648571014404e-01
7.301775366067886353e-02
1.010134816169738770e-01
9.988851845264434814e-02
5.685633048415184021e-02
7.775388658046722412e-03
-1.400202065706253052e-01
3.285873308777809143e-02
6.109873950481414795e-02
-1.980159580707550049e-01
1.756400987505912781e-02
7.609733194112777710e-02
-1.278238296508789062e-01
-7.879267632961273193e-02
-3.103770315647125244e-02
2.284918427467346191e-01
7.674341648817062378e-02
-6.991957128047943115e-02
-1.716227382421493530e-01
1.643158197402954102e-01
-1.490863561630249023e-01
-2.515583112835884094e-02
1.553386300802230835e-01
-1.172710135579109192e-01
-3.706903755664825439e-02
-3.040564060211181641e-01
6.452181935310363770e-02
3.156913816928863525e-01
8.509128540754318237e-02
-1.946587115526199341e-01
6.852668710052967072e-03
-2.354118376970291138e-01
4.652228951454162598e-02
-6.981616467237472534e-02
-8.452126383781433105e-02
-1.010936349630355835e-01
4.070513322949409485e-02
-1.815071105957031250e-01
2.193369902670383453e-03
1.385535150766372681e-01
-3.488634154200553894e-02
-4.211147874593734741e-02
1.948808580636978149e-01
-1.231553964316844940e-02
3.428933769464492798e-02
6.810119748115539551e-02
-6.594269722700119019e-02
-3.656690567731857300e-02
-4.627445712685585022e-02
-1.292500048875808716e-01
-8.630308322608470917e-03
8.607409894466400146e-02
-7.366511225700378418e-02
-9.244518354535102844e-03
8.548584580421447754e-02
-1.473865658044815063e-01
2.364263832569122314e-01
1.547560840845108032e-02
-1.472120638936758041e-02
5.388946086168289185e-02
4.657230898737907410e-02
-8.883777260780334473e-02
-9.503145515918731689e-02
2.189582437276840210e-01
-2.455075681209564209e-01
1.638391464948654175e-01
1.843390911817550659e-01
4.198421165347099304e-02
1.694332212209701538e-01
5.137320980429649353e-02
1.918542832136154175e-01
-1.576324403285980225e-01
4.628664627671241760e-02
-1.382681578397750854e-01
-8.025860041379928589e-02
2.877063862979412079e-02
-4.958084318786859512e-03
1.031821779906749725e-02
8.709125220775604248e-02
