-7.682001590728759766e-02
3.056091070175170898e-02
1.293128281831741333e-01
1.040287315845489502e-02
5.789818614721298218e-02
-1.031426787376403809e-01
2.315581589937210083e-02
-2.172225713729858398e-02
1.256637722253799438e-01
-9.444553405046463013e-02
2.698140144348144531e-01
-1.159977726638317108e-02
-2.510079741477966309e-01
-1.653532385826110840e-01
1.646648049354553223e-01
5.940033122897148132e-02
-1.251825392246246338e-01
-1.197529062628746033e-01
-1.772148013114929199e-01
-1.483734995126724243e-01
-3.255205973982810974e-02
5.625672638416290283e-02
1.118033006787300110e-01
-1.020876504480838776e-02
-1.261375248432159424e-01
-2.193185240030288696e-01
-6.831766664981842041e-02
-1.914227306842803955e-01
1.353089958429336548e-01
-9.956930577754974365e-02
7.317081838846206665e-02
3.566230461001396179e-02
-2.229621857404708862e-01
-2.835156023502349854e-02
-7.709765434265136719e-02
3.509410470724105835e-02
3.327601775527000427e-02
-2.854682877659797668e-02
2.359580248594284058e-01
-3.911951184272766113e-02
-1.593651622533798218e-01
-9.889155626296997070e-02
-1.029797866940498352e-01
2.309411764144897461e-01
2.178588360548019409e-01
9.834615513682365417e-03
-4.692491888999938965e-02
4.743120819330215454e-02
6.260091066360473633e-02
-2.697536945343017578e-01
7.407624274492263794e-02
9.641219675540924072e-02
1.144997105002403259e-01
4.890976473689079285e-02
7.179442793130874634e-03
-1.790508031845092773e-01
-3.476521745324134827e-02
4.755155742168426514e-02
-1.610729545354843140e-01
1.921867579221725464e-02
5.629682540893554688e-02
-1.320990473031997681e-01
-9.630322456359863281e-02
-8.571276068687438965e-02
2.524337172508239746e-01
5.460885912179946899e-02
-1.220373287796974182e-01
-1.646848618984222412e-01
1.837247312068939209e-01
-1.795325577259063721e-01
-1.315230689942836761e-02
2.056272178888320923e-01
-1.181555092334747314e-01
-3.801530972123146057e-02
-2.794848382472991943e-01
6.775210797786712646e-02
2.918484508991241455e-01
7.431923598051071167e-02
-1.791770905256271362e-01
-1.717124879360198975e-02
-2.216141372919082642e-01
4.389598220586776733e-02
-7.413561642169952393e-02
-1.635225117206573486e-02
-6.840181350708007812e-02
4.937680065631866455e-02
-1.452284157276153564e-01
-3.093337267637252808e-02
1.342248916625976562e-01
-6.927267462015151978e-02
-5.683808028697967529e-02
2.113042771816253662e-01
-2.723990567028522491e-02
4.283732920885086060e-02
1.124389469623565674e-02
-9.634885191917419434e-02
-1.926939561963081360e-02
-8.137588202953338623e-02
-1.115901917219161987e-01
-1.134297344833612442e-02
6.261471658945083618e-02
-8.657591789960861206e-02
-8.716922253370285034e-03
8.925917744636535645e-02
-1.081193760037422180e-01
1.901807039976119995e-01
6.632867734879255295e-03
1.585623621940612793e-02
5.822158604860305786e-02
7.524668425321578979e-02
-1.135810315608978271e-01
-1.122429147362709045e-01
2.055235654115676880e-01
-2.270892858505249023e-01
1.604584902524948120e-01
1.599854081869125366e-01
6.224072724580764771e-02
1.141467541456222534e-01
6.225093081593513489e-02
2.079557776451110840e-01
-1.404982507228851318e-01
5.305674672126770020e-02
-2.098703235387802124e-01
-6.397569924592971802e-02
5.066514760255813599e-02
2.569504082202911377e-02
3.433571755886077881e-02
8.317057043313980103e-02
