-9.985765069723129272e-02
3.285448253154754639e-02
1.268552392721176147e-01
3.198298439383506775e-02
2.846671640872955322e-02
-9.495607763528823853e-02
4.626788944005966187e-02
-7.342275232076644897e-02
1.327188462018966675e-01
-1.004085615277290344e-01
2.660484015941619873e-01
4.461301863193511963e-02
-2.363472878932952881e-01
-1.717101037502288818e-01
1.758402287960052490e-01
6.513048708438873291e-02
-1.358314007520675659e-01
-1.249791905283927917e-01
-1.552531272172927856e-01
-1.076653152704238892e-01
-6.593551486730575562e-02
2.246106974780559540e-02
1.079562976956367493e-01
-1.333166845142841339e-02
-1.233593374490737915e-01
-2.210980206727981567e-01
-1.128652319312095642e-01
-1.731095165014266968e-01
1.689890921115875244e-01
-5.478642508387565613e-02
5.309827625751495361e-02
3.923498466610908508e-02
-2.153988033533096313e-01
-2.239540219306945801e-02
-5.156482756137847900e-02
3.920222073793411255e-02
7.415901869535446167e-02
1.722443848848342896e-04
2.012610733509063721e-01
-6.563019752502441406e-02
-1.526612043380737305e-01
-7.506197690963745117e-02
-8.344589173793792725e-02
1.810260266065597534e-01
1.834796518087387085e-01
1.582841947674751282e-02
-5.986157804727554321e-03
5.996339023113250732e-02
7.203496992588043213e-02
-2.361221164464950562e-01
7.960871607065200806e-02
6.346593052148818970e-02
1.225156113505363464e-01
3.790266811847686768e-02
2.223556302487850189e-02
-1.797699332237243652e-01
-3.009949810802936554e-02
6.767697632312774658e-02
-1.332411617040634155e-01
4.645054042339324951e-02
6.301133334636688232e-02
-1.714511960744857788e-01
-8.409277349710464478e-02
-2.999293059110641479e-02
2.079824656248092651e-01
3.553927689790725708e-02
-6.995994597673416138e-02
-1.708560287952423096e-01
2.042109668254852295e-01
-1.568428725004196167e-01
-1.374260522425174713e-03
1.752260029315948486e-01
-1.261614114046096802e-01
-1.484420150518417358e-02
-2.848698496818542480e-01
7.364881783723831177e-02
2.965446710586547852e-01
8.896300196647644043e-02
-1.214808598160743713e-01
2.333409711718559265e-02
-2.209616154432296753e-01
6.146888807415962219e-02
-1.067679226398468018e-01
-6.243576109409332275e-02
-6.712465733289718628e-02
9.626200422644615173e-03
-1.714174002408981323e-01
-2.795043401420116425e-03
1.586613506078720093e-01
-5.706489086151123047e-02
5.319688934832811356e-04
1.925096213817596436e-01
-3.970687091350555420e-02
4.871056973934173584e-02
-2.345052734017372131e-02
-9.938794374465942383e-02
-2.003015950322151184e-03
-9.014934301376342773e-02
-6.396149098873138428e-02
-6.748543120920658112e-03
7.274925708770751953e-02
-7.872162759304046631e-02
1.993198134005069733e-02
8.087985217571258545e-02
-1.607555598020553589e-01
1.436399221420288086e-01
-1.293585263192653656e-02
1.865427196025848389e-02
5.976224690675735474e-02
8.525842428207397461e-02
-9.156320989131927490e-02
-6.663459539413452148e-02
1.747160255908966064e-01
-2.355163991451263428e-01
2.255008220672607422e-01
1.760082542896270752e-01
2.772010490298271179e-02
9.518603980541229248e-02
1.991037465631961823e-02
1.632906198501586914e-01
-1.311948895454406738e-01
1.683609932661056519e-02
-1.660905778408050537e-01
-9.861861169338226318e-02
5.851709097623825073e-02
-1.706971973180770874e-02
2.509980276226997375e-02
9.451081603765487671e-02
