-1.002833023667335510e-01
1.236387435346841812e-02
9.671765565872192383e-02
4.076600074768066406e-02
2.188814571127295494e-03
-8.641864359378814697e-02
1.465246081352233887e-02
-7.324735075235366821e-02
1.274673938751220703e-01
-8.448950201272964478e-02
2.783828377723693848e-01
3.061893209815025330e-02
-2.005551308393478394e-01
-1.700641959905624390e-01
1.588126271963119507e-01
8.498515933752059937e-02
-1.221769526600837708e-01
-1.164700239896774292e-01
-1.498505175113677979e-01
-1.300842314958572388e-01
-7.011730968952178955e-02
3.140578791499137878e-02
8.986298739910125732e-02
4.409668035805225372e-04
-1.487317383289337158e-01
-2.061274647712707520e-01
-1.018294692039489746e-01
-1.911270618438720703e-01
1.403892040252685547e-01
-5.888430029153823853e-02
1.706036552786827087e-02
4.246867448091506958e-02
-2.263142764568328857e-01
-8.534543216228485107e-02
-4.216601327061653137e-02
5.176255851984024048e-02
8.431220054626464844e-02
-3.615286946296691895e-02
2.141132205724716187e-01
-6.620792299509048462e-02
-1.360490024089813232e-01
-7.732579112052917480e-02
-8.378711342811584473e-02
1.819242388010025024e-01
1.643061637878417969e-01
-2.950290217995643616e-02
5.154551938176155090e-03
5.805429443717002869e-02
5.847730115056037903e-02
-2.434640675783157349e-01
8.450285345315933228e-02
3.930433094501495361e-02
1.542347371578216553e-01
3.334285691380500793e-02
-6.979496218264102936e-03
-1.680473089218139648e-01
-3.270187228918075562e-02
7.955747097730636597e-02
-1.386214345693588257e-01
1.430360786616802216e-02
4.830805584788322449e-02
-1.159576028585433960e-01
-7.184527069330215454e-02
-5.172161012887954712e-02
2.486033439636230469e-01
9.208000451326370239e-02
-4.671745002269744873e-02
-1.634778529405593872e-01
2.051071375608444214e-01
-1.259250044822692871e-01
-4.927806556224822998e-03
1.584422290325164795e-01
-1.360621601343154907e-01
-3.225238248705863953e-02
-3.060469627380371094e-01
8.029402792453765869e-02
3.093584775924682617e-01
7.104638218879699707e-02
-1.632722318172454834e-01
-1.198819838464260101e-03
-2.196025103330612183e-01
5.423196405172348022e-02
-9.241554886102676392e-02
-7.806692272424697876e-02
-5.557051301002502441e-02
3.065309673547744751e-02
-1.265728473663330078e-01
2.018093131482601166e-02
1.836056411266326904e-01
-5.527155846357345581e-02
-2.758304588496685028e-02
1.814834028482437134e-01
-1.963284984230995178e-02
3.892711177468299866e-02
2.794319018721580505e-02
-7.956290245056152344e-02
3.889301419258117676e-02
-8.368634432554244995e-02
-5.278040841221809387e-02
4.201015457510948181e-02
9.275514632463455200e-02
-7.325214147567749023e-02
3.811797872185707092e-02
1.149600148200988770e-01
-1.559360176324844360e-01
1.191475987434387207e-01
-2.582570724189281464e-02
-1.148880459368228912e-03
6.495495885610580444e-02
8.041325956583023071e-02
-9.240034222602844238e-02
-9.020543098449707031e-02
2.087865173816680908e-01
-2.180684953927993774e-01
1.892792582511901855e-01
1.538293957710266113e-01
-4.501515999436378479e-03
1.114401370286941528e-01
-3.653619904071092606e-03
1.729648560285568237e-01
-1.397948265075683594e-01
3.112458065152168274e-02
-1.871360689401626587e-01
-6.991180777549743652e-02
8.142945170402526855e-02
-2.919798903167247772e-02
2.813911251723766327e-02
1.102027669548988342e-01
