-9.085158258676528931e-02
1.124053727835416794e-02
1.183056607842445374e-01
-1.997834304347634315e-03
6.585520226508378983e-03
-6.711135059595108032e-02
3.000544942915439606e-02
-3.057439811527729034e-02
1.502493321895599365e-01
-1.245835795998573303e-01
2.439502775669097900e-01
3.163309767842292786e-02
-2.081731855869293213e-01
-1.289695650339126587e-01
1.580510735511779785e-01
7.984733581542968750e-02
-1.077651008963584900e-01
-1.276032030582427979e-01
-1.417244225740432739e-01
-1.187809631228446960e-01
-4.364359751343727112e-02
1.942403241991996765e-02
7.824280858039855957e-02
-3.029960207641124725e-04
-1.357051879167556763e-01
-2.308019995689392090e-01
-1.178167909383773804e-01
-1.484906822443008423e-01
1.130018532276153564e-01
-3.979968279600143433e-02
3.618761897087097168e-02
2.738181129097938538e-02
-2.327013462781906128e-01
-5.633071437478065491e-02
-5.876380205154418945e-02
5.570951849222183228e-02
5.643107742071151733e-02
-5.875871982425451279e-03
1.660792976617813110e-01
-3.083107806742191315e-02
-1.305621117353439331e-01
-7.615780830383300781e-02
-9.090630710124969482e-02
2.090014815330505371e-01
1.926128864288330078e-01
1.218203455209732056e-03
-2.559091895818710327e-03
4.261092841625213623e-02
6.437900662422180176e-02
-2.662119865417480469e-01
7.049378752708435059e-02
3.473323211073875427e-02
1.447010040283203125e-01
4.412094876170158386e-02
-5.292734131217002869e-03
-1.500048637390136719e-01
1.382776349782943726e-02
3.374377265572547913e-02
-1.431955695152282715e-01
3.992040827870368958e-02
6.519420444965362549e-02
-1.570315212011337280e-01
-8.438389748334884644e-02
-3.148653358221054077e-02
2.496110945940017700e-01
4.378372803330421448e-02
-7.699227333068847656e-02
-1.559958755970001221e-01
1.960847675800323486e-01
-1.181167289614677429e-01
3.255652636289596558e-02
1.604789197444915771e-01
-1.322491914033889771e-01
-3.501843288540840149e-02
-2.965492308139801025e-01
8.603245019912719727e-02
3.563331365585327148e-01
7.376523315906524658e-02
-1.390352547168731689e-01
1.098189875483512878e-02
-2.476879507303237915e-01
8.519987761974334717e-02
-9.861819446086883545e-02
-8.182871341705322266e-02
-8.234494924545288086e-02
2.599350176751613617e-02
-1.700692921876907349e-01
5.547105520963668823e-02
1.690090745687484741e-01
-8.318902552127838135e-02
-2.809096872806549072e-02
1.798688471317291260e-01
-1.998421922326087952e-02
5.431732907891273499e-02
2.583795599639415741e-02
-3.644756972789764404e-02
-4.107266664505004883e-03
-7.486066967248916626e-02
-8.442777395248413086e-02
1.484004128724336624e-02
9.603116661310195923e-02
-1.024027913808822632e-01
2.696583792567253113e-02
8.452431857585906982e-02
-1.662602126598358154e-01
1.713470071554183960e-01
-1.872825250029563904e-02
-3.501042723655700684e-03
5.538234859704971313e-02
7.601017504930496216e-02
-1.395867466926574707e-01
-7.933830469846725464e-02
1.951021999120712280e-01
-2.155152112245559692e-01
1.544996052980422974e-01
1.664616018533706665e-01
2.544893696904182434e-02
1.198168694972991943e-01
2.638128772377967834e-02
1.680761724710464478e-01
-1.572126746177673340e-01
1.613386534154415131e-02
-1.631850600242614746e-01
-6.286232173442840576e-02
5.055616796016693115e-02
8.386478759348392487e-03
4.610449448227882385e-02
1.084299832582473755e-01
