-1.192724406719207764e-01
8.584883064031600952e-02
1.278178244829177856e-01
1.142507884651422501e-02
-8.444315940141677856e-02
-5.890050530433654785e-02
-3.806435689330101013e-02
-1.861612200736999512e-01
1.003347858786582947e-01
-1.263626813888549805e-01
2.178356200456619263e-01
2.348014619201421738e-03
-1.909284293651580811e-01
-9.706322848796844482e-02
-1.338796690106391907e-02
1.481026709079742432e-01
-1.467084139585494995e-01
-1.546247005462646484e-01
-4.604089632630348206e-02
-6.677374243736267090e-02
3.785548498854041100e-03
3.496889024972915649e-03
9.269660711288452148e-02
-2.408880973234772682e-03
-9.518520534038543701e-02
-3.093954622745513916e-01
-1.010711565613746643e-01
-2.002416998147964478e-01
8.799618110060691833e-03
-1.779639162123203278e-02
2.520309016108512878e-02
5.527360737323760986e-02
-1.932254582643508911e-01
1.904833875596523285e-02
-1.452276296913623810e-02
5.023772642016410828e-02
-3.437936305999755859e-02
-4.361172765493392944e-02
1.978550255298614502e-01
-6.506960373371839523e-03
-1.736030280590057373e-01
-1.125540062785148621e-01
4.009051248431205750e-03
1.744682043790817261e-01
2.327594608068466187e-01
-4.070518538355827332e-02
2.589628100395202637e-02
-2.300994470715522766e-02
1.852585934102535248e-02
-2.319560945034027100e-01
-6.867291405797004700e-03
9.385346621274948120e-02
1.445088982582092285e-01
3.629211336374282837e-02
4.873153567314147949e-02
-1.487981677055358887e-01
4.109488427639007568e-02
2.235027030110359192e-03
-1.565065681934356689e-01
-2.744461223483085632e-02
2.191697247326374054e-02
-1.210609599947929382e-01
-9.915213286876678467e-02
4.956873133778572083e-02
3.387711048126220703e-01
1.481096595525741577e-01
-1.066337302327156067e-01
-5.426425486803054810e-02
2.300241291522979736e-01
-1.379175782203674316e-01
-1.241371594369411469e-02
7.851042598485946655e-02
-1.500448882579803467e-01
-1.103534922003746033e-01
-2.297916263341903687e-01
-3.099683672189712524e-02
3.913094103336334229e-01
4.908191040158271790e-02
-1.820118874311447144e-01
-3.022203221917152405e-03
-1.622980684041976929e-01
4.567562788724899292e-02
-1.859000883996486664e-02
6.999330967664718628e-02
-1.057169213891029358e-01
2.918134443461894989e-02
-8.248208463191986084e-02
1.597628369927406311e-02
1.358819603919982910e-01
-9.093505144119262695e-02
-2.154961600899696350e-02
2.190821766853332520e-01
-3.857774287462234497e-02
1.473763305693864822e-02
6.318935006856918335e-02
-4.463237151503562927e-02
2.140837907791137695e-02
-8.572590351104736328e-02
-9.522241353988647461e-02
-6.961151957511901855e-02
4.611522331833839417e-02
-7.765729725360870361e-02
-9.000146761536598206e-03
1.139768660068511963e-01
-1.930274814367294312e-01
3.416872769594192505e-02
-3.112590685486793518e-02
-3.812292218208312988e-02
2.634646557271480560e-02
-4.809128865599632263e-02
-7.466541975736618042e-02
-6.512725353240966797e-02
1.698288619518280029e-01
-2.000579684972763062e-01
1.698483079671859741e-01
1.553507745265960693e-01
-8.055242151021957397e-02
1.256778538227081299e-01
3.891716897487640381e-02
8.445477485656738281e-02
-8.467589318752288818e-02
-7.097805291414260864e-02
-1.416776627302169800e-01
-2.565631456673145294e-02
7.289750128984451294e-02
-3.713699430227279663e-02
1.621665433049201965e-04
-2.535633277148008347e-03
