-1.159337088465690613e-01
9.806269407272338867e-02
1.268669068813323975e-01
-6.281520426273345947e-02
-7.790110260248184204e-02
-3.909637406468391418e-02
-1.248035486787557602e-02
-1.802714765071868896e-01
1.480672955513000488e-01
-1.179094463586807251e-01
2.321047931909561157e-01
-7.724542915821075439e-02
-1.687721312046051025e-01
-5.931743979454040527e-02
-4.963771998882293701e-02
1.801505833864212036e-01
-1.914760321378707886e-01
-1.526524573564529419e-01
-2.567818760871887207e-02
-7.821993902325630188e-03
-4.861353710293769836e-02
1.017920579761266708e-02
4.990100488066673279e-02
5.931125581264495850e-02
-1.223516836762428284e-01
-3.711893558502197266e-01
-1.200572624802589417e-01
-1.692220717668533325e-01
1.912652514874935150e-03
-1.153006451204419136e-03
-5.987478420138359070e-03
1.545391529798507690e-01
-1.529732197523117065e-01
1.453710347414016724e-02
3.104057349264621735e-02
9.348751604557037354e-02
3.826067224144935608e-02
5.499715451151132584e-03
1.363808065652847290e-01
1.266045495867729187e-02
-2.293942272663116455e-01
-8.247801661491394043e-02
9.953577816486358643e-02
2.515594661235809326e-01
2.712849378585815430e-01
-3.157576918601989746e-02
1.000100746750831604e-02
-2.664295956492424011e-02
4.611909389495849609e-02
-2.224762290716171265e-01
-2.335249073803424835e-02
7.449077069759368896e-02
1.045457944273948669e-01
5.669486150145530701e-02
3.068711608648300171e-02
-1.551255881786346436e-01
8.428678847849369049e-03
2.334924414753913879e-02
-1.225042194128036499e-01
-1.934721693396568298e-02
1.621545106172561646e-02
-8.423839509487152100e-02
-6.050736457109451294e-02
3.898990899324417114e-02
3.351056575775146484e-01
1.109920591115951538e-01
-1.536680907011032104e-01
-8.718699216842651367e-02
1.923536956310272217e-01
-1.773596554994583130e-01
-2.443153224885463715e-02
4.312293604016304016e-02
-1.694676876068115234e-01
-8.828155696392059326e-02
-2.669706344604492188e-01
-5.894108861684799194e-02
4.169943034648895264e-01
3.325767070055007935e-02
-2.092257142066955566e-01
7.229258865118026733e-02
-1.733127534389495850e-01
1.211317721754312515e-02
-7.174557074904441833e-03
1.392628848552703857e-01
-5.193717777729034424e-02
6.180131062865257263e-02
-6.360810995101928711e-02
-5.499982088804244995e-02
1.971652656793594360e-01
-6.979943066835403442e-02
2.368792891502380371e-02
2.481289654970169067e-01
-6.051094084978103638e-02
2.960925549268722534e-02
5.843071639537811279e-02
-2.464963868260383606e-02
-2.570395171642303467e-02
-8.031052350997924805e-02
-1.514061093330383301e-01
-9.811300039291381836e-02
-4.918233305215835571e-02
-5.822890996932983398e-02
-5.109293386340141296e-02
1.159459352493286133e-01
-2.947455346584320068e-01
1.263689994812011719e-01
3.670665994286537170e-02
1.042384002357721329e-02
6.094954162836074829e-02
1.654749549925327301e-02
-2.175555005669593811e-02
-9.170225262641906738e-02
2.044539153575897217e-01
-2.435235232114791870e-01
1.170141175389289856e-01
1.770391464233398438e-01
-1.820577867329120636e-02
1.412737071514129639e-01
6.654344499111175537e-02
6.668828427791595459e-02
-4.011421650648117065e-02
-1.441632956266403198e-02
-9.200863540172576904e-02
-4.196743480861186981e-03
6.485754996538162231e-02
-1.181700825691223145e-01
-2.917973138391971588e-02
-1.171702984720468521e-03
