-9.207024425268173218e-02
1.547255218029022217e-01
1.122167184948921204e-01
6.188012659549713135e-03
-1.135009434074163437e-02
-1.188989803194999695e-01
1.160653308033943176e-02
-1.532280892133712769e-01
1.236743107438087463e-01
-1.045717895030975342e-01
2.485262155532836914e-01
-6.537018716335296631e-02
-1.729305535554885864e-01
-1.306456625461578369e-01
4.652254655957221985e-02
1.178039684891700745e-01
-1.779857575893402100e-01
-1.536887437105178833e-01
-7.981064915657043457e-02
-9.980890154838562012e-02
-1.022108085453510284e-02
-2.237321250140666962e-02
2.516422979533672333e-02
2.310545183718204498e-02
-8.158245682716369629e-02
-3.469607532024383545e-01
-1.410880535840988159e-01
-2.268330901861190796e-01
3.171343356370925903e-02
-8.723877370357513428e-02
-9.368453174829483032e-03
4.412669688463211060e-02
-1.664495468139648438e-01
-4.010446369647979736e-02
-8.143505454063415527e-02
-1.552818994969129562e-02
7.041957974433898926e-02
1.492177788168191910e-02
2.027236074209213257e-01
-6.623357068747282028e-03
-1.283614933490753174e-01
-5.300781503319740295e-02
-1.451310142874717712e-02
2.502234876155853271e-01
2.431004047393798828e-01
-1.272577513009309769e-02
2.287716791033744812e-02
2.413240447640419006e-02
3.116467408835887909e-02
-1.869812905788421631e-01
4.567142575979232788e-03
8.970684558153152466e-02
1.111487522721290588e-01
1.010687872767448425e-01
-2.817765250802040100e-02
-1.462384760379791260e-01
1.385812275111675262e-02
-2.466209232807159424e-02
-1.946987807750701904e-01
3.677095472812652588e-02
7.983208447694778442e-02
-1.932675093412399292e-01
-9.312932193279266357e-02
1.144139766693115234e-01
3.158051669597625732e-01
9.923450648784637451e-02
-5.926639959216117859e-02
-1.005047261714935303e-01
1.878061443567276001e-01
-1.738165169954299927e-01
-2.581467851996421814e-04
4.218791052699089050e-02
-1.598121225833892822e-01
-8.888567239046096802e-02
-2.792966961860656738e-01
8.893435448408126831e-02
3.484335839748382568e-01
8.183437585830688477e-02
-1.976024657487869263e-01
-8.038036525249481201e-03
-2.274150252342224121e-01
3.590052574872970581e-02
4.011996462941169739e-02
-2.038439363241195679e-02
-9.345081448554992676e-02
1.583601534366607666e-02
-1.771795302629470825e-01
5.660604685544967651e-02
1.718615889549255371e-01
-6.657385826110839844e-02
-3.555127233266830444e-02
2.095761448144912720e-01
-5.274977535009384155e-02
3.766950964927673340e-02
5.082235485315322876e-02
5.003679543733596802e-03
-5.912281572818756104e-03
-6.121021881699562073e-02
-1.072001382708549500e-01
-5.135953426361083984e-03
9.936521947383880615e-02
-9.162890911102294922e-02
-5.319854617118835449e-02
1.033917963504791260e-01
-2.070239335298538208e-01
8.141142874956130981e-02
-1.158970873802900314e-02
-4.748408123850822449e-02
-6.977812200784683228e-02
-1.401709206402301788e-02
-8.395962417125701904e-02
-5.859883874654769897e-02
2.172925919294357300e-01
-1.579395830631256104e-01
1.869930773973464966e-01
2.140834629535675049e-01
-1.017152331769466400e-02
1.473298072814941406e-01
1.294018980115652084e-02
5.814752727746963501e-02
-1.108025163412094116e-01
-9.863691031932830811e-02
-1.332135349512100220e-01
-2.029974386096000671e-02
8.615820109844207764e-02
4.973372071981430054e-02
3.754295408725738525e-02
4.295533150434494019e-02
