-1.076525300741195679e-01
1.310244053602218628e-01
8.175605535507202148e-02
-1.039757877588272095e-01
-1.129839271306991577e-01
8.650971576571464539e-03
-8.945973962545394897e-02
-1.959461122751235962e-01
1.931517720222473145e-01
-1.914460211992263794e-01
1.958785653114318848e-01
-4.427766799926757812e-02
-2.023580521345138550e-01
6.895820051431655884e-02
-9.564104676246643066e-02
1.764980554580688477e-01
-1.909888684749603271e-01
-5.317893624305725098e-02
-6.858982145786285400e-02
-5.955558642745018005e-02
1.144406199455261230e-01
7.148583978414535522e-02
7.600278407335281372e-02
1.530042439699172974e-01
-1.005068421363830566e-01
-3.171428740024566650e-01
-1.197095867246389389e-02
-1.298759281635284424e-01
2.370848506689071655e-02
-3.406159952282905579e-02
-2.126892656087875366e-02
1.855593407526612282e-03
-1.709825098514556885e-01
4.203289002180099487e-02
-3.464044630527496338e-02
6.293582916259765625e-02
-1.940751634538173676e-02
-9.652513265609741211e-02
1.310994625091552734e-01
-7.156029343605041504e-02
-2.808972299098968506e-01
6.167787592858076096e-03
4.665324836969375610e-02
1.792220622301101685e-01
2.036858499050140381e-01
1.602991111576557159e-02
-4.007877781987190247e-03
-1.789394468069076538e-01
8.874309062957763672e-02
-2.568250596523284912e-01
3.245267644524574280e-02
6.839329004287719727e-02
-4.145364463329315186e-02
-7.989164441823959351e-05
1.087623462080955505e-01
-2.364334613084793091e-01
4.343385994434356689e-02
4.692960530519485474e-02
-1.549470275640487671e-01
1.376391667872667313e-02
7.775165140628814697e-02
-6.688813865184783936e-02
9.997654706239700317e-03
-9.609835594892501831e-02
2.652217745780944824e-01
1.335149407386779785e-01
-1.443660408258438110e-01
-1.001373231410980225e-01
8.963791280984878540e-02
-1.955752968788146973e-01
-1.152523327618837357e-02
1.226854249835014343e-01
-1.072452291846275330e-01
-1.893654316663742065e-01
-2.712891995906829834e-01
-3.224839270114898682e-02
4.684714674949645996e-01
2.197120338678359985e-01
-1.898344159126281738e-01
2.646250277757644653e-02
-5.809799581766128540e-02
2.350261807441711426e-02
1.599609106779098511e-01
1.933552920818328857e-01
-1.388808712363243103e-03
-9.343388490378856659e-03
-6.392227858304977417e-02
4.123380035161972046e-02
1.266717612743377686e-01
-3.003812208771705627e-02
-4.212513193488121033e-02
3.117293715476989746e-01
-1.515326462686061859e-02
-2.515704929828643799e-02
-1.218408532440662384e-02
7.956402003765106201e-02
-2.217409461736679077e-01
-5.417184904217720032e-03
-1.261594891548156738e-01
-6.657961010932922363e-02
2.578013017773628235e-02
5.081512033939361572e-02
8.168747648596763611e-03
1.403338164091110229e-01
-2.090774178504943848e-01
1.531949192285537720e-01
-8.397559821605682373e-02
-4.192779958248138428e-02
7.084654271602630615e-02
7.446152158081531525e-03
-4.540345445275306702e-02
-4.147710651159286499e-02
1.532426327466964722e-01
-2.081869989633560181e-01
1.323249191045761108e-01
1.312754601240158081e-01
6.594117730855941772e-02
1.924771219491958618e-01
5.553871020674705505e-02
9.933626651763916016e-02
-1.572168618440628052e-02
5.268418230116367340e-03
-2.061332911252975464e-01
-6.643096916377544403e-03
9.111858159303665161e-02
-1.263026595115661621e-01
1.106847450137138367e-01
-2.004802785813808441e-02
